#wavelength[angstroms] transmission[photons cm^-2 s^-1 sr^-1 A^-1]
250 5.118982837301152e-15
251 5.623413251903513e-15
252 6.2505519252740016e-15
253 6.947630846323026e-15
254 7.81370737651815e-15
255 8.787747120756453e-15
256 1.0000000000000041e-14
257 1.1513953993264528e-14
258 1.3257113655901163e-14
259 1.5627069765470027e-14
260 1.8205561648755703e-14
261 2.1713743029375263e-14
262 2.589794511382007e-14
263 3.0888435964774974e-14
264 3.771643293692265e-14
265 4.605378255822436e-14
266 5.623413251903514e-14
267 7.029732115325519e-14
268 8.685113737513557e-14
269 1.0604988553128318e-13
270 1.2949258422052711e-13
271 1.544455893326655e-13
272 1.8205561648755705e-13
273 2.0961799924531343e-13
274 2.3574852250834866e-13
275 2.6826957952797383e-13
276 2.981877485606129e-13
277 3.237457542817653e-13
278 3.473892112083126e-13
279 3.5564803062231504e-13
280 3.5564803062231504e-13
281 3.4333200182820144e-13
282 3.1622776601683923e-13
283 2.778929640317713e-13
284 2.3574852250834866e-13
285 1.8858632787726555e-13
286 1.4563484775012503e-13
287 1.0481131341546917e-13
288 7.28190314128941e-14
289 4.770582696143952e-14
290 2.9818774856061295e-14
291 1.8205561648755703e-14
292 1.0604988553128318e-14
293 5.963623316594661e-15
294 3.4738921120831262e-15
295 1.9306977288832613e-15
296 1.1379480841432403e-15
297 7.112803588203363e-16
298 5.000110381399536e-16
299 3.771643293692265e-16
300 3.125344957103939e-16
