#wavelength[angstroms] transmission[photons cm^-2 s^-1 sr^-1 A^-1]
166 1.009070636600476e-16
167 1.4221361511653464e-16
168 4.769044474636553e-16
169 1.3111339374215738e-15
170 2.799360456643194e-15
171 7.626985859023483e-12
172 9.821026044275384e-12
173 1.0749111034571415e-11
174 1.114445470753567e-11
175 1.114445470753567e-11
176 1.000000000000004e-11
177 7.76597661449967e-12
178 4.599865128619916e-12
179 2.4447547247264855e-12
180 1.230824346913276e-12
181 6.541634489895192e-13
182 3.8053285271105495e-13
183 2.4227785806579405e-13
184 1.6580890190821346e-13
185 1.1554338803354494e-13
186 9.303094895789994e-14
187 7.626985859023483e-14
188 6.0310392776956e-14
189 5.510315562821603e-14
190 4.9444461011588607e-14
