#wavelength[angstroms] transmission[photons cm^-2 s^-1 sr^-1 A^-1]
270 3.4456809693182105e-14
271 3.743387462764276e-14
272 4.066815767669134e-14
273 4.41818824598757e-14
274 4.857080722774287e-14
275 5.214631819749687e-14
276 5.6651754909407936e-14
277 6.082214001716677e-14
278 6.529952553426531e-14
279 7.010651111251072e-14
280 7.438156224007476e-14
281 7.985711652703141e-14
282 8.573575047306628e-14
283 9.204713654658055e-14
284 1.0000000000000041e-13
285 1.0736144028446728e-13
286 1.180264744148337e-13
287 1.297509480674392e-13
288 1.4264010348413348e-13
289 1.5496419425491884e-13
290 1.683530852439924e-13
291 1.8507688659503881e-13
292 2.034619912196414e-13
293 2.2367342909566366e-13
294 2.458926238926104e-13
295 2.7031902148257873e-13
296 2.971718802236704e-13
297 3.2669223908596663e-13
298 3.549184160885262e-13
299 3.9482171285486513e-13
300 4.289342696228961e-13
301 4.497345971225574e-13
302 4.659941479068537e-13
303 4.715435957747344e-13
304 4.771591311069677e-13
305 4.771591311069677e-13
306 4.659941479068537e-13
307 4.4444181248190796e-13
308 4.2388627747678696e-13
309 3.9482171285486513e-13
310 3.5914508128653587e-13
311 3.305827633721454e-13
312 2.9367455808446956e-13
313 2.578167052004853e-13
314 2.2633711927240086e-13
315 2.0106751121082455e-13
316 1.7238673969411639e-13
317 1.4779706499280133e-13
318 1.2671492284874374e-13
319 1.0736144028446728e-13
320 9.096386282548692e-14
321 7.52673600635813e-14
322 6.227940761277243e-14
323 5.092615341667822e-14
324 4.16425460875315e-14
325 3.405129836655357e-14
326 2.7516214668181884e-14
327 2.1973655611398025e-14
328 1.775649839660208e-14
329 1.4179827615694929e-14
330 1.1458452374741742e-14
331 9.259360154625514e-15
332 7.482315034276083e-15
333 6.118322860690086e-15
334 5.002980288341288e-15
335 4.139678187106143e-15
336 3.425345395171258e-15
337 2.8342761311170857e-15
338 2.3176004173953718e-15
339 1.9176809304400825e-15
340 1.5867705767444168e-15
