# t_obs[JD] flux_mean[DN/s] flux_stdev[DN/s]
2450083.507481 847.675241 4.413794
2450083.515093 847.584615 4.747214
2450083.566667 847.246263 10.767788
2450083.574404 847.218789 24.872087
2450085.278367 852.026489 7.901906
2450283.237024 857.089527 4.486764
2450283.286865 851.270342 4.462267
2450333.215102 852.909068 37.993104
2450333.220594 853.300751 42.124866
2450357.315521 852.368554 11.355637
2450357.319971 852.602391 37.112638
2450373.242241 852.547579 28.303475
2450373.246900 853.294348 4.458799
2450379.197080 851.747127 5.695773
2450379.201636 851.844074 6.161206
2450387.068137 851.887561 14.534394
2450387.072659 851.847305 5.447704
2450393.209769 851.882718 16.312358
2450393.213491 851.875874 5.911391
2450403.367292 851.721409 3.930260
2450403.371706 851.762427 4.514983
2450410.057114 852.041757 12.792893
2450410.062777 852.061659 4.515449
2450410.370515 851.811276 6.660921
2450410.375995 851.849577 27.414248
2450420.303540 852.052867 4.830534
2450420.308210 852.198704 28.370342
2450427.303000 852.337396 6.017107
2450427.307577 852.465029 4.208783
2450436.152869 851.866984 5.328055
2450436.159814 851.954077 8.199471
2450437.011842 852.127059 10.718521
2450452.329091 852.297197 29.040726
2450452.333994 853.114824 11.140525
2450452.339231 859.434677 50.064139
2450465.409337 852.764106 4.421132
2450465.413856 852.872855 6.681755
2450476.252490 851.374365 7.738730
2450476.256931 851.406811 24.200037
2450484.315280 852.190605 9.038447
2450484.319858 852.210724 6.039107
2450491.373765 851.320267 4.160589
2450491.378307 851.344023 7.638390
2450500.293681 853.744251 55.235073
2450500.301703 852.297620 14.323358
2450500.307403 851.815870 5.138721
2450500.314191 850.938335 27.307567
2450507.249525 851.739403 3.932932
2450507.253925 851.767385 7.470973
2450521.120230 851.002011 11.289951
2450521.125092 850.996422 4.235501
2450529.086975 851.046587 5.163467
2450529.091435 851.090251 5.121076
2450529.096174 852.482138 98.887604
2450550.134317 850.793669 5.702382
2450550.139110 850.797639 6.016099
2450555.130882 851.200713 16.163048
2450555.135643 850.303595 27.128545
2450564.268076 851.150737 4.103808
2450564.272782 851.146277 4.639341
2450570.346368 850.726911 5.203870
2450570.351033 850.788337 9.170251
2450578.219478 850.835817 7.802784
2450578.224223 850.795863 4.649399
2450592.201243 853.807698 42.329602
2450592.205987 853.469028 5.774639
2450599.226110 850.377190 7.182465
2450602.203488 849.968740 3.875325
2450602.208001 850.084264 14.216495
2450616.171687 849.967600 21.252072
2450616.177337 849.968901 5.448508
2450627.215394 849.801668 5.723757
2450627.223917 849.875579 4.459238
2450638.127804 849.913007 9.110576
2450638.136056 849.867270 6.661619
2450645.149042 848.092401 37.927145
2450645.153551 849.953484 41.381749
2450645.166289 850.435234 47.740077
2450645.178671 851.203609 30.897757
2450654.607271 858.229988 37.145245
2450665.045382 850.649608 5.252281
2450665.050017 850.628603 4.984056
2450673.334898 850.460371 3.575835
2450673.339261 850.411831 12.477223
2450680.329204 849.725750 29.385885
2450680.333707 850.564494 7.613757
2450696.158337 849.925189 4.319404
2450696.167162 849.855112 11.768568
2450704.340155 850.056553 32.884333
2450704.344834 850.066891 6.418660
2450723.358162 848.121987 46.147879
2450748.332116 846.559766 53.272620
2450748.334056 845.023257 66.360694
2450757.382683 850.352003 17.565476
2450757.402999 850.243971 13.885044
2450764.616971 849.902231 8.972588
2450764.624845 850.007307 9.242544
2450765.622945 849.886723 5.463554
2450765.630782 849.968469 9.801371
2450766.625846 850.036733 33.108133
2450766.633679 849.960735 10.836375
2450768.496534 849.920379 5.679207
2450768.504192 849.994334 3.914929
2450776.793565 849.847110 3.911086
2450776.797465 849.974300 7.995474
2450777.499084 850.657447 4.808660
2450777.504051 850.634172 4.437065
2450780.928847 849.028872 26.932273
2450780.957008 849.821466 15.234460
2450780.978038 849.505588 33.749505
2450780.999877 851.607750 61.041762
2450791.115321 850.322138 4.898327
2450791.122939 850.427157 9.457232
2450796.110145 851.060907 11.451708
2450796.115222 851.056952 6.337769
2450805.322124 849.635007 26.928148
2450805.326663 850.538296 4.561286
2450816.597686 850.081149 5.204672
2450816.620020 850.078934 7.005698
2450823.594530 849.926929 14.214375
2450823.617073 850.368628 64.327220
2450830.688357 849.691229 3.937565
2450830.728937 849.851391 4.706624
2450837.585516 849.750908 3.303145
2450837.666141 849.695059 5.014916
2450845.108086 849.922753 13.781510
2450845.129202 849.906386 5.763096
2450848.597722 849.640013 4.265459
2450848.618786 849.589782 5.667865
2450857.354564 850.563948 4.417692
2450857.358360 847.222941 53.939875
2450865.618194 848.772427 26.853171
2450865.629841 849.691132 19.469496
2450872.608156 849.634909 4.495525
2450872.624074 849.704138 16.080505
2450880.861521 848.771665 27.103087
2450880.873309 849.594141 4.511112
2450887.616675 849.549647 6.199389
2450887.620488 849.546905 6.015075
2450893.133136 850.015423 12.473161
2450893.137013 850.005475 5.239770
2450893.140863 850.502904 22.120587
2450893.145716 851.996453 72.698481
2450893.186442 849.697462 5.640507
2450910.606134 848.900563 26.908278
2450910.609802 849.756426 10.272940
2450914.369991 852.842830 44.842225
2450914.385666 851.512410 14.082398
2450914.390449 851.100738 5.089012
2450922.603018 849.501945 5.249351
2450922.620455 849.598348 14.840222
2450928.599900 849.321684 5.031249
2450928.645074 849.391426 7.093243
2450935.596373 848.936093 7.446414
2450935.618175 848.849583 4.748677
2450942.603293 848.795734 4.679110
2450942.624996 848.746664 3.807494
2450951.596859 848.812217 26.206342
2450951.619487 848.803764 13.026848
2450956.598087 848.770347 3.679926
2450956.619822 848.845102 32.934904
2450963.598090 848.637898 5.107978
2450963.619836 848.720112 4.031203
2450971.597772 848.768370 5.772126
2450971.619381 848.640278 4.770602
2450977.628737 848.624101 5.618558
2450977.639903 848.614727 7.669123
2450983.269274 849.344214 17.289603
2450983.273023 849.293597 3.737753
2450983.276814 849.610524 17.081704
2450983.281697 849.707877 51.081550
2450983.415246 849.787390 4.403603
2451102.433408 847.876216 4.593953
2451102.451540 848.198754 18.533156
2451106.489526 849.343917 50.379823
2451106.493355 849.379096 36.138679
2451106.497429 850.023943 27.843980
2451106.502382 851.195650 49.951614
2451124.611064 848.657721 4.456440
2451124.628438 848.653174 3.472750
2451141.364383 848.019421 4.580050
2451141.368156 848.071590 4.188269
2451145.591877 848.288424 5.109589
2451145.608318 848.287898 6.577693
2451152.591833 848.970241 25.732121
2451152.608294 848.888927 3.933458
2451159.591132 849.234795 7.822756
2451159.607545 849.134863 3.904019
2451166.591072 849.257273 5.139765
2451166.607489 849.206770 3.832447
2451212.374115 852.583977 5.192147
2451212.510291 848.947413 14.622520
2451212.514043 848.936485 7.165466
2451212.517839 849.555537 38.193602
2451212.522762 850.637716 62.111474
2451214.221964 849.004160 7.128514
2451222.593310 849.736994 29.131505
2451222.608329 849.681652 6.296471
2451229.591855 848.794693 5.363750
2451229.608306 848.765485 4.497910
2451236.591760 848.714324 4.727758
2451236.608285 848.698752 5.449329
2451250.591485 848.721134 7.354519
2451250.607969 848.735636 11.133348
2451257.591794 852.487365 3.523717
2451257.608271 852.528924 3.615205
2451271.591160 849.329669 4.353222
2451271.607588 849.324056 6.463568
2451278.591783 848.175373 21.251447
2451278.608251 848.139730 5.356444
2451285.626842 848.591123 5.802841
2451285.640894 848.680342 6.084771
2451292.591799 848.543353 7.339246
2451292.608245 848.596125 6.815496
2451299.591824 847.626576 6.047154
2451299.608268 846.851862 26.783845
2451306.591885 847.446931 7.033287
2451306.608367 847.498490 8.305385
2451321.016810 847.328806 4.367365
2451321.020579 847.310883 4.174486
2451321.024355 847.855365 20.037058
2451321.029255 849.006133 60.670324
2451329.062548 846.372536 7.875577
2451341.591349 847.623381 5.030146
2451341.607857 847.652063 4.258260
2451349.591154 847.262060 11.869261
2451349.607582 847.260894 4.658815
2451355.589661 847.629599 5.079279
2451355.606110 847.619471 15.020215
2451362.591854 848.125541 3.921985
2451369.591541 847.780484 4.028948
2451376.590805 847.770941 8.806200
2451376.607153 847.783816 22.175078
2451383.591535 847.829413 6.470170
2451383.607979 847.856303 7.126451
2451390.591075 847.719115 5.297545
2451390.607567 847.791092 5.589091
2451397.647182 847.684509 37.147084
2451397.650922 847.548910 4.103242
2451404.591809 847.698048 5.503546
2451404.608243 847.758393 15.626904
2451411.591602 847.828978 8.196109
2451411.608270 847.797589 3.760637
2451418.591554 847.751074 5.907619
2451418.608380 847.774064 4.687452
2451425.591826 847.936059 5.917878
2451425.608358 847.902103 4.151103
2451432.590450 848.001000 7.299801
2451432.606892 848.034583 4.459690
2451439.591580 848.004171 21.346588
2451439.608253 847.951865 8.565158
2451446.591675 848.091263 6.729305
2451446.608357 848.133047 9.069641
2451460.099741 848.426970 5.151614
2451460.103289 848.445496 4.121401
2451460.107034 848.947678 26.015780
2451460.112055 849.669220 28.354032
2451474.591688 848.752937 3.077524
2451474.608355 848.800380 4.365976
2451481.182555 848.645314 4.043582
2451481.186288 848.635852 3.707981
2451481.190116 849.007680 20.103577
2451481.195010 849.795024 35.007486
2451509.591597 848.229222 3.491513
2451509.608263 848.243041 5.013292
2451523.591571 848.226584 5.428489
2451523.608249 848.167059 4.240314
2451530.590810 848.321232 12.496920
2451530.607488 848.316687 3.826436
2451558.620257 848.101560 13.234453
2451558.635098 848.202185 32.434203
2451565.591722 848.080501 9.070214
2451565.608249 848.039845 3.389892
2451572.591772 848.131517 6.177746
2451572.608270 848.219522 4.142503
2451579.262049 848.096851 3.247626
2451579.265953 848.160320 5.665749
2451579.269774 848.374896 9.187188
2451579.274658 849.823003 81.162570
2451586.591808 848.580535 3.445171
2451586.608309 848.517873 4.378416
2451593.591251 848.755322 4.688506
2451593.607920 848.698139 5.195072
2451600.591638 848.452772 4.098983
2451600.608314 848.451701 4.332845
2451607.591672 848.412539 3.773475
2451607.608257 848.354065 6.954689
2451614.591546 848.245059 3.435504
2451614.608229 848.232635 4.181994
2451635.608223 847.671811 3.845567
2451642.608222 847.188126 3.142308
2451649.590971 847.192101 3.657008
2451649.607513 847.198977 3.720895
2451656.591045 847.230824 3.057974
2451656.607585 847.230895 3.375568
2451663.590911 848.342464 5.746615
2451663.607577 848.081276 3.758181
2451670.591003 847.216580 37.971980
2451670.607577 846.277784 27.321075
2451677.591011 846.924273 5.549573
2451677.607578 846.937317 7.254456
2451684.591033 846.931684 3.091289
2451684.607601 846.921203 3.580834
2451691.591292 846.839136 3.664708
2451691.607958 846.754057 4.671166
2451698.591627 847.050264 18.421516
2451698.608339 846.964384 4.002362
2451712.236217 848.732648 12.372772
2451712.239925 848.625819 3.375838
2451712.243624 848.814815 10.098586
2451712.248486 843.625886 77.082156
2451726.591016 847.331855 2.959569
2451726.607581 847.327647 7.294078
2451733.591043 846.657722 6.805782
2451733.607579 846.714931 13.353775
2451747.591193 843.176746 5.635153
2451747.607484 843.185654 5.531317
2451754.591458 843.267395 3.305515
2451754.607899 843.256656 3.050609
2451761.591823 843.330507 4.223997
2451761.608316 843.326324 10.645150
2451768.591505 843.450433 3.244163
2451768.607961 843.514283 29.841718
2451775.591957 843.470610 3.466054
2451775.608226 842.647317 26.657217
2451782.629987 842.559352 28.032638
2451782.644609 843.438389 4.120104
2451789.591674 843.706807 7.673735
2451789.608362 843.604850 5.031049
2451796.288083 843.699205 4.243703
2451796.291911 842.887599 27.797801
2451796.295679 844.147942 24.217436
2451796.300650 845.108302 42.184551
2451796.403662 844.978410 2.908989
2451799.366667 845.512741 4.970818
2451799.370505 845.502453 3.386263
2451799.374357 845.896147 22.324681
2451799.379335 846.328025 30.681224
2451803.591789 844.451815 57.813340
2451803.608297 844.195576 3.707305
2451810.591821 844.222205 2.814813
2451810.608337 844.218556 4.397136
2451817.591820 844.476353 3.815947
2451817.608330 844.495805 3.453741
2451824.591466 844.540129 3.222978
2451824.607947 844.486418 3.408109
2451831.758356 844.315797 3.176297
2451831.775175 844.292919 3.371750
2451838.591838 844.576680 3.215536
2451838.608342 844.601756 5.103651
2451852.591442 844.233606 4.927758
2451852.607929 844.234974 3.539879
2451859.591458 842.963928 30.623137
2451859.607929 843.213952 37.094039
2451866.591497 840.829748 38.975296
2451866.607927 841.623905 26.627240
2451873.591497 842.384934 6.519239
2451873.607927 842.449163 12.006979
2451887.591262 842.461295 3.637927
2451887.607927 842.447130 3.237375
2451894.591261 841.750243 26.544924
2451894.607929 842.561304 3.579910
2451901.591261 842.696253 3.312873
2451901.607927 842.651609 3.516883
2451908.591684 841.773458 26.490415
2451908.608372 842.584138 4.003366
2451915.591706 842.447676 3.985291
2451915.608348 842.415055 3.677053
2451922.591690 842.314930 4.174033
2451922.608362 842.289684 3.771393
2451929.590819 841.466672 26.503254
2451929.607487 842.330513 3.719281
2451936.596176 842.184656 6.198068
2451936.611005 842.207128 3.150270
2451943.591314 842.169271 3.368593
2451943.607987 842.130254 3.292068
2451948.708204 842.733889 3.986774
2451948.712371 842.710581 3.534526
2451948.716539 843.189419 17.930834
2451948.722093 844.173270 23.586916
2451950.591564 841.063423 26.495729
2451950.608231 841.884953 3.328624
2451957.411154 842.456211 4.173400
2451957.414996 842.660993 14.783998
2451957.418851 843.366108 15.470327
2451978.591217 841.098853 26.484106
2451978.607898 841.950808 3.235988
2451985.591691 841.837592 8.263029
2451985.608349 841.812207 5.230088
2451992.591576 841.650260 12.029839
2451992.608250 840.803641 26.527503
2451999.591205 840.800407 26.500092
2451999.607872 840.822691 26.839281
2452006.649837 841.400979 18.064338
2452006.663970 841.440040 6.276352
2452013.591206 841.382391 6.769555
2452013.607872 841.372024 6.593997
2452027.591338 841.264466 3.070888
2452027.607847 841.286461 11.725374
2452034.591701 841.127446 5.398284
2452034.608375 841.170674 5.498422
2452040.330212 841.084874 3.333827
2452040.337995 841.511287 29.148616
2452040.342966 841.410090 38.819728
2452040.450111 841.736128 6.612184
2452055.591645 841.396042 3.623606
2452055.608289 840.266253 26.517118
2452062.591664 841.314788 10.730732
2452062.608352 841.283079 4.371741
2452069.591668 841.191189 3.410398
2452069.608348 841.171390 3.490114
2452076.205357 841.654039 9.663047
2452076.209358 841.757788 8.930556
2452076.213201 842.780693 28.411337
2452076.218174 845.102258 62.699196
2452097.591640 841.200223 3.989811
2452097.608316 841.198151 8.923856
2452104.590513 841.187016 13.112008
2452104.607187 841.127179 3.551689
2452111.591146 841.125783 3.473874
2452111.607813 840.311120 29.214751
2452118.591207 841.185460 3.428943
2452118.607873 841.412567 37.247159
2452124.645721 841.153224 4.116319
2452124.649510 841.177440 5.965475
2452132.591262 841.316190 3.850596
2452132.607502 841.302174 7.204480
2452139.591577 841.421115 9.706517
2452139.609584 841.405849 8.045847
2452146.587399 841.341322 3.654988
2452146.608249 841.380156 15.426035
2452167.591621 841.712907 3.673215
2452167.608367 841.689859 3.449100
2452174.591557 841.644724 3.078017
2452174.608375 841.681280 4.062993
2452181.591667 841.250617 7.973956
2452181.608336 841.273576 13.200537
2452188.590521 841.215449 2.962268
2452188.607185 841.232327 10.295703
2452195.590888 841.159088 3.983072
2452195.607527 841.205580 6.965895
2452202.591619 841.271880 6.806296
2452202.608295 841.269487 8.702906
2452209.590920 841.283051 4.504776
2452209.607586 841.343109 6.615661
2452216.512982 841.845262 3.656005
2452216.516818 841.927238 8.639471
2452216.520676 842.376652 16.673380
2452216.525654 843.510353 49.957210
2452216.608167 842.630007 3.328619
2452230.590920 839.614633 3.664654
2452230.607586 839.591065 4.090082
2452237.593180 846.982768 129.710627
2452244.590920 839.411320 5.571376
2452244.607588 839.384071 3.343466
2452251.590921 839.519417 4.665273
2452251.607588 839.533003 10.097777
2452258.591616 839.438253 6.273952
2452258.608288 839.430828 6.047131
2452265.591566 839.490242 3.013312
2452265.608222 839.553109 3.596208
2452272.590120 839.694027 5.671457
2452272.606796 838.874425 27.276291
2452279.591603 839.688554 3.462227
2452279.608269 839.698377 4.883400
2452286.370399 840.416578 11.687493
2452286.374201 840.427602 6.794170
2452286.378014 841.013540 19.802616
2452286.382964 842.364668 41.453928
2452300.591602 839.612027 3.473143
2452300.608268 839.581153 3.865894
2452307.591601 839.450688 3.250821
2452307.608269 839.424028 3.278699
2452321.591617 839.206080 3.613326
2452321.608268 839.196999 4.954187
2452328.591594 838.417600 3.119791
2452328.608249 838.436460 6.056540
2452335.590442 838.599833 3.657063
2452335.606873 838.570269 3.846575
2452342.591698 838.800461 3.612457
2452342.608366 838.793539 10.732411
2452349.591698 838.765903 3.632602
2452349.608365 837.958067 29.358813
2452356.591698 838.512040 3.226048
2452356.608365 838.529842 6.393816
2452363.501778 838.996404 3.649511
2452363.505628 839.565988 22.878829
2452363.510595 841.103169 79.989280
2452377.591699 839.089770 3.523061
2452377.608365 839.162404 17.480982
2452384.591699 838.925954 3.542698
2452384.608364 838.956567 4.790281
2452391.591698 838.573050 4.811796
2452391.608364 838.563383 8.167883
2452398.591608 838.498300 6.980462
2452398.607907 838.420410 4.074140
2452405.591185 838.317252 3.510263
2452405.607900 838.317201 3.445589
2452412.591688 838.181484 3.090490
2452412.608352 838.322189 38.771281
2452419.591196 838.182218 7.516735
2452419.607873 838.205419 6.155752
2452433.591630 838.035953 4.176543
2452433.608296 838.050857 6.441642
2452440.565838 837.876708 3.049567
2452440.569678 837.957089 3.718703
2452440.573527 837.635390 29.584595
2452440.578502 839.549887 41.824117
2452440.636465 838.264080 3.094938
2452454.591629 838.168348 3.850868
2452454.608297 838.161887 3.944299
2452461.591631 837.579041 8.905575
2452461.608296 837.775166 4.098647
2452468.591629 837.923399 3.396498
2452468.608297 837.920383 6.686410
2452475.591629 837.161981 26.358309
2452475.608296 837.926964 3.623616
2452482.591629 837.903696 3.986390
2452489.591629 837.842160 4.012712
2452489.608296 837.861650 3.368316
2452496.591630 838.024738 3.417241
2452496.608296 838.011839 4.824059
2452503.591629 838.164448 3.782194
2452503.608296 837.352509 26.914891
2452506.529448 837.628932 35.353802
2452506.533540 839.220067 3.121164
2452506.537389 839.619451 10.649475
2452506.542355 840.602180 49.840303
2452510.591630 840.912741 46.568472
2452510.608296 840.771046 42.311869
2452517.395965 838.661993 3.366614
2452517.399808 838.792123 4.876370
2452517.403661 839.265164 24.051863
2452517.408631 840.273438 45.163159
2452531.591629 838.141900 6.514818
2452531.608296 838.120300 4.323166
2452538.591630 838.100760 4.342502
2452538.608296 838.108714 5.033629
2452545.591629 838.252954 5.688803
2452545.608296 838.255084 5.164602
2452552.591631 838.174286 3.279358
2452552.608297 838.149427 3.408371
2452559.591644 837.981339 8.324008
2452559.608296 837.982253 10.545591
2452566.591630 838.408061 3.476397
2452566.608296 838.433925 3.397206
2452573.591629 838.280552 4.165178
2452573.608296 838.268150 3.907870
2452580.591629 838.252429 3.048577
2452580.608296 838.248877 3.341415
2452587.591629 838.648073 3.889666
2452587.608297 838.625334 6.176010
2452593.218918 839.194583 3.415956
2452593.222752 839.275180 6.280431
2452593.226595 839.735765 9.274443
2452593.231557 840.741011 24.958143
2452608.591631 839.380825 3.512916
2452608.608296 839.398469 4.996915
2452615.591630 839.461031 3.017539
2452615.608296 839.416313 3.791669
2452622.591630 839.707047 8.165403
2452622.608297 839.691278 4.392171
2452629.591631 839.709911 12.854429
2452629.608297 839.678926 7.380467
2452636.591630 839.906100 4.865291
2452636.608297 839.898464 4.125562
2452643.591629 839.920307 3.418418
2452643.608297 839.920012 16.431975
2452650.591629 839.924493 5.748497
2452650.608296 839.867885 3.429940
2452657.591631 839.718961 4.543814
2452657.608296 839.649573 3.794670
2452671.481199 839.540564 3.560362
2452671.485021 839.612698 4.910232
2452671.488854 840.143099 16.811814
2452671.572483 839.944543 7.005690
2452685.591629 839.189869 12.635912
2452685.608296 839.167812 8.868617
2452692.591637 838.991346 12.405534
2452692.608321 838.980783 9.330116
2452699.590916 838.752971 3.243388
2452699.607571 838.738774 3.600628
2452706.591538 838.652399 3.254856
2452706.608204 838.676351 3.547133
2452713.591166 838.330903 3.340616
2452713.607864 838.295429 4.888654
2452720.591166 838.693031 3.066110
2452720.607832 838.703769 6.947163
2452727.591175 838.626394 3.462642
2452727.607886 838.653361 3.975626
2452734.591650 838.436820 4.907124
2452734.608317 838.427815 7.903036
2452741.591717 838.245362 7.405856
2452741.608253 838.208878 6.312038
2452748.530844 838.569939 3.092785
2452748.534644 838.595263 3.370191
2452748.538441 839.046778 13.705413
2452748.543366 839.806955 33.154351
2452762.591688 838.202827 6.338269
2452762.608240 838.184991 3.950869
2452769.590851 838.052399 7.798108
2452769.607510 838.043076 5.364529
2452776.591605 837.937588 5.095066
2452776.608281 837.914350 3.523084
2452783.591581 837.946970 5.453146
2452783.608281 837.988392 8.931970
2452790.591233 838.120917 3.369079
2452790.607897 838.088225 3.687235
2452797.591593 837.642971 4.313935
2452797.608283 837.636737 5.321650
2452804.591212 837.924045 17.733774
2452804.607928 837.917035 5.901603
2452814.399059 838.185082 7.896269
2452814.402898 838.258542 3.667418
2452814.406730 838.095514 35.484709
2452814.411705 840.008026 44.433717
2452815.430619 837.371259 26.365059
2452832.591562 837.910661 3.597656
2452832.608373 837.874578 4.341479
2452839.591688 836.929636 26.321547
2452839.608371 837.736139 6.245834
2452846.590965 837.830163 3.910180
2452846.607487 837.891034 3.326314
2452853.591631 838.046889 4.315091
2452853.608297 838.053416 3.920624
2452860.591630 837.915883 3.123207
2452860.608296 837.907530 4.790387
2452867.591629 837.923418 4.576687
2452867.608297 837.096821 26.539081
2452874.591629 837.998225 4.686809
2452874.608310 837.954720 3.023528
2452881.591630 838.179208 14.514899
2452881.608298 838.190077 14.211115
2452888.591629 837.870895 36.404274
2452888.608296 837.756394 3.124307
2452895.591629 837.989887 4.456435
2452895.608296 838.297595 48.926682
2452908.574772 838.430554 3.752133
2452908.578626 838.513248 4.436989
2452908.582477 839.182939 42.306891
2452908.587292 840.101347 40.988848
2452923.591259 838.285439 5.511301
2452923.607926 838.288795 3.676056
2452930.591656 838.664209 3.492627
2452930.608346 838.624952 3.771684
2452937.590945 838.330638 3.568294
2452937.607473 838.336164 6.390494
2452944.591547 836.514810 4.783162
2452944.608241 836.520888 9.278820
2452951.591275 836.539501 4.658681
2452951.607528 834.921290 41.600673
2452958.591647 836.864995 4.127266
2452958.608307 835.233239 37.191792
2452965.591599 834.067636 77.719721
2452965.608293 837.066138 12.378251
2452972.591648 837.287774 20.106271
2452972.608333 837.303926 4.819548
2452979.591240 836.888210 3.102708
2452979.607907 836.923985 5.549684
2452986.591524 837.189581 3.599561
2452986.608191 837.235445 5.530234
2452993.590912 837.311798 3.378919
2452993.607617 837.305771 3.005928
2452997.941386 838.688776 3.158174
2452997.945168 838.917751 4.334510
2452997.949024 839.859123 38.800734
2452997.953989 841.006436 28.650864
2453000.422943 837.450539 4.256754
2453021.591574 837.421910 4.107866
2453021.608240 837.412973 4.293826
2453028.591574 837.200872 10.655250
2453028.608240 837.212185 10.343769
2453035.591574 837.065739 3.428268
2453035.608240 837.092560 21.402542
2453042.591575 836.858031 2.863143
2453049.591575 836.887852 3.092964
2453049.608240 836.896712 3.759620
2453056.591574 836.003245 26.375893
2453063.591247 836.775647 5.909570
2453063.607959 836.758627 17.809426
2453070.591250 836.344195 4.342445
2453070.607945 836.364158 3.680197
2453077.591337 836.271680 5.059422
2453077.607841 836.290854 5.481924
2453082.583180 836.830631 11.140982
2453082.586818 836.801600 4.616056
2453082.590635 837.358050 30.660317
2453082.595594 838.333192 33.576844
2453105.589938 836.326558 3.774590
2453105.606356 836.317085 3.294894
2453133.591608 834.389268 37.111939
2453133.608303 832.785738 52.264290
2453140.591695 835.905474 4.274839
2453140.608226 834.251939 37.104913
2453154.591690 835.792477 3.431617
2453154.608363 835.809674 7.037438
2453161.591631 835.983716 12.369878
2453161.608334 835.955277 4.101290
2453168.591341 836.031365 5.443215
2453168.607856 836.036948 4.413744
2453172.182782 836.375072 4.099826
2453172.186524 836.410157 3.695980
2453172.190289 836.892444 9.822574
2453172.195202 837.889179 27.689198
2453196.590958 836.153013 11.731573
2453196.607479 836.108632 3.227216
2453203.591329 836.150827 3.211456
2453203.607996 836.160277 6.048410
2453210.591599 836.036427 4.069589
2453210.608287 836.035479 5.143380
2453217.591330 836.159669 3.191777
2453217.607828 836.126079 4.503911
2453224.591569 836.063056 4.761866
2453224.608259 836.049046 4.427034
2453231.591316 836.168658 3.552909
2453231.608023 836.204318 6.049755
2453238.608226 836.184030 4.323622
2453245.591651 836.204768 5.866124
2453245.608348 836.192989 4.991782
2453252.591566 836.276692 4.575738
2453252.608245 836.277900 3.621921
2453259.388386 836.248807 3.182190
2453259.392180 836.282028 10.081386
2453259.395987 836.736399 14.250503
2453259.400924 837.817133 37.194873
2453259.416183 836.227134 3.139728
2453294.591686 836.231347 4.476324
2453294.608202 836.241015 13.012556
2453301.591626 836.385793 3.910351
2453301.608283 836.402951 5.079994
2453308.591690 837.008567 68.425516
2453308.608362 836.308286 7.135988
2453315.591197 836.420791 3.880742
2453315.607876 836.424613 3.293212
2453322.591573 836.369700 4.022120
2453322.608268 836.396128 4.221996
2453329.591692 836.620495 4.632453
2453329.608317 836.652585 3.739103
2453336.591655 836.834588 5.315370
2453336.608345 836.831758 3.958052
2453343.591610 836.844848 4.073778
2453343.608233 836.828688 3.866277
2453351.189034 836.701252 3.513454
2453351.192788 836.769200 14.477458
2453351.196550 837.240859 17.589793
2453351.201453 838.653256 46.992139
2453351.224622 836.770559 25.516485
2453351.233366 835.888467 31.180444
2453378.591580 837.369760 4.954742
2453378.608254 837.375974 3.575729
2453385.591605 837.217459 8.825900
2453385.608305 837.190695 5.310007
2453392.591585 836.425458 15.449317
2453392.608183 836.495239 12.683192
2453399.591659 836.310954 3.225741
2453406.591166 836.497232 3.349093
2453406.607835 836.488700 3.623039
2453413.590497 836.133699 7.606426
2453413.607175 836.118033 5.914760
2453420.591553 836.029583 5.710652
2453420.608262 835.996165 3.522757
2453441.396258 835.532240 5.234054
2453441.401408 835.520678 4.996088
2453441.406098 835.994803 9.429873
2453441.412358 837.505221 62.703636
2453441.432923 835.477525 3.769893
2453476.591566 835.299479 3.206991
2453476.608239 835.329283 8.547075
2453483.591632 835.263773 8.161857
2453483.608288 835.283684 7.408148
2453490.591650 835.177660 36.100267
2453490.608317 834.233345 26.346645
2453497.591579 835.129659 9.931236
2453497.608248 835.124839 19.139027
2453511.591534 834.808689 3.852195
2453511.608201 834.812220 6.018860
2453528.383782 835.035617 3.311763
2453528.387551 835.149899 4.308461
2453528.391322 834.972527 31.075112
2453528.396224 836.933012 31.895230
2453553.591583 834.926787 17.515223
2453553.608250 834.877498 4.100857
2453560.591582 834.843118 3.655192
2453560.608250 834.850803 5.972307
2453567.591565 834.815194 3.160464
2453567.607874 834.871032 9.962074
2453581.679958 834.909748 8.078214
2453588.648095 833.775908 27.040095
2453588.661955 834.604082 5.520756
2453595.591931 834.764993 4.228532
2453595.608353 834.781807 10.905035
2453602.665750 834.673329 4.933508
2453602.679729 834.724572 14.612272
2453609.591790 834.764315 3.451746
2453609.608235 834.716890 4.699680
2453616.323902 834.834844 4.042970
2453616.330886 834.837205 3.502098
2453616.334758 835.448859 32.576668
2453616.339565 836.569952 48.919882
2453616.358356 836.621896 53.020124
2453616.382471 836.623616 61.217288
2453616.401734 834.685954 7.264296
2453644.591926 835.108217 4.207979
2453644.608373 835.111924 4.000196
2453651.590999 834.903908 11.200215
2453651.607495 834.960845 3.969097
2453658.590730 835.128784 2.827138
2453658.607241 835.165482 4.836799
2453665.611071 835.061774 5.257264
2453665.625014 835.016442 5.194105
2453672.591896 835.112741 5.675643
2453672.608307 835.163157 5.564802
2453679.591768 835.327732 3.807741
2453679.608202 835.329558 4.566542
2453707.293092 835.639505 7.745997
2453707.296701 835.634771 6.095239
2453707.300515 836.218496 25.899739
2453707.305409 837.568995 47.332907
2453728.629886 836.152254 3.160027
2453728.643951 836.199476 10.947503
2453735.591460 836.412157 4.496602
2453735.607892 836.436460 4.109094
2453742.591451 836.478927 7.799058
2453742.607881 836.441442 3.787623
2453749.591449 836.240530 3.662685
2453749.607881 836.248947 4.567349
2453756.591451 836.117434 3.746288
2453756.607881 836.107696 5.446205
2453763.591452 835.980142 4.031722
2453763.607881 836.014422 5.577745
2453770.591468 835.874785 11.100302
2453770.607881 835.887679 4.477690
2453777.591452 835.765051 13.550388
2453777.607881 835.753471 13.233665
2453784.591454 835.690977 3.942212
2453784.607881 835.700020 5.492857
2453791.591451 835.571549 4.392018
2453791.607881 835.582755 4.560855
2453794.591210 835.436749 5.315303
2453794.595030 835.493386 4.728178
2453794.598854 836.125366 27.642893
2453794.603794 837.574406 56.998967
2453794.620019 835.478459 12.784039
2453819.591397 834.807768 3.965407
2453819.607891 834.804744 5.172908
2453826.591450 834.508677 19.954770
2453826.607882 834.379540 4.016077
2453833.591449 834.733277 5.633579
2453833.607881 834.734868 6.643166
2453840.591447 834.677083 8.325176
2453840.607882 834.613256 5.388642
2453847.591864 834.467629 5.928714
2453847.608313 834.462296 5.472674
2453854.591480 834.498929 4.124743
2453854.607952 834.523808 4.740927
2453861.591272 834.501727 7.605954
2453861.607481 834.518554 11.445676
2453868.648076 834.302063 9.774640
2453868.662088 834.316437 7.171175
2453875.591530 834.102767 4.448400
2453875.607975 834.131122 9.365408
2453882.464678 834.621291 9.499223
2453882.468507 834.712892 8.953229
2453882.472356 834.537093 38.672245
2453882.477330 836.634272 40.142173
2453882.485779 836.932750 56.129005
2453910.591615 834.319042 7.426585
2453910.608295 834.337898 7.391679
2453917.591831 833.995605 3.667018
2453917.608273 834.075940 6.350726
2453924.591446 834.173207 4.204482
2453924.607882 834.187913 14.071466
2453931.591901 834.157010 3.548995
2453931.608173 834.196620 3.853168
2453938.591394 834.184489 38.731149
2453938.607828 833.840762 8.136912
2453945.591015 834.092300 11.728969
2453945.607464 834.061828 3.769649
2454001.591200 834.403039 6.881522
2454001.607868 834.433131 6.082137
2454008.591200 834.389172 4.757793
2454008.607866 834.446422 6.084325
2454015.591200 834.320442 5.045838
2454015.607868 834.307226 5.073690
2454050.591801 834.979316 4.898352
2454050.608297 834.989030 6.046695
2454057.591905 834.997901 3.700888
2454057.608320 835.003623 7.028878
2454064.591891 835.204035 4.251788
2454064.608321 834.403331 29.931838
2454092.590607 835.286418 5.176307
2454092.606770 835.278680 3.852888
2454099.591819 835.462542 4.851696
2454099.608253 835.442698 3.901788
2454106.591565 835.478975 4.595879
2454106.607811 835.521503 9.428333
2454120.591608 834.854290 5.412127
2454120.608287 834.897274 4.789422
2454134.590805 834.888289 3.506065
2454134.607236 834.894307 8.783248
2454141.591815 834.890491 4.646425
2454141.608208 834.914253 16.343134
2454183.592054 833.823887 9.585758
2454183.608230 833.805312 9.297278
2454190.591853 833.431437 6.696380
2454190.608320 833.443570 6.490971
2454204.591832 833.161430 16.942531
2454204.608313 833.173878 4.034911
2454211.591383 833.335221 30.715179
2454211.607848 833.252975 7.803046
2454218.591829 833.081963 7.333546
2454218.608286 833.093365 4.927435
2454225.591391 833.025573 10.325144
2454225.607817 832.987055 5.176906
2454232.591849 832.854667 16.912515
2454232.608276 832.860796 18.681942
2454239.199290 832.703401 5.892814
2454239.203032 832.688035 4.376778
2454239.206798 833.308041 19.028649
2454239.211689 835.030137 57.073373
2454239.234490 832.612663 12.864200
2454253.591168 833.093509 4.713459
2454253.607518 833.094567 4.280169
2454267.591162 833.086481 3.866667
2454267.607569 833.089615 6.507792
2454274.590689 833.084987 5.679105
2454274.607100 833.189386 28.259431
2454281.591879 832.985312 4.117992
2454281.608295 833.033319 6.336333
2454288.591048 832.901497 3.639236
2454288.607469 833.011123 10.540378
2454295.591514 832.944636 3.645362
2454295.607934 832.990004 8.337070
2454302.591800 832.094942 27.216994
2454302.607837 832.949546 26.874457
2454309.591871 832.799902 6.026627
2454309.608299 832.867403 14.262095
2454312.182181 832.855393 5.877195
2454312.185993 832.882696 5.052850
2454312.189788 833.598418 33.763743
2454312.194762 835.068770 43.694114
2454337.590782 831.904004 32.774770
2454337.607196 833.106226 7.458558
2454339.257521 833.138885 3.871474
2454339.291077 833.067293 7.862872
2454339.295921 833.880593 34.763478
2454339.302650 835.247742 45.617408
2454339.318063 832.969883 3.534894
2454351.591887 833.015986 6.107286
2454351.608311 833.058816 19.412182
2454358.591839 832.963429 5.766671
2454358.607848 833.004923 5.028336
2454365.591156 832.806534 16.413243
2454365.607562 832.747056 7.592549
2454379.590037 833.120785 10.525812
2454379.606427 833.149905 6.890482
2454393.591859 833.003520 3.856437
2454393.608267 833.007375 15.454163
2454400.591742 833.556723 11.506035
2454400.608216 833.526155 18.453475
2454407.591420 833.906101 9.611753
2454407.607903 833.908351 4.528890
2454414.591722 834.032948 4.799333
2454414.608206 833.990541 5.951123
2454423.894824 833.213948 26.449474
2454423.898748 834.057990 6.578350
2454423.907078 834.736604 13.966364
2454423.912001 836.447224 40.792743
2454423.945357 833.164621 26.318225
2454442.591941 834.742779 6.677218
2454442.608325 834.742814 11.214422
2454449.591083 834.864876 10.771308
2454449.607494 834.859148 13.305225
2454456.591551 834.967105 6.268247
2454456.607939 834.939197 5.879943
2454463.591820 834.914823 19.934081
2454463.608216 834.920885 6.966697
2454470.591543 834.997695 6.030989
2454470.607931 834.979075 6.327558
2454477.608224 834.778883 4.558858
2454484.591116 834.861431 5.621110
2454484.607533 834.047775 26.500920
2454491.591812 834.848733 4.507403
2454491.608237 834.853594 6.449909
2454498.591913 834.831427 6.707131
2454498.608301 834.810277 3.630782
2454519.327700 833.975356 26.725534
2454519.331866 833.817657 39.206012
2454519.337414 828.255805 102.551002
2454525.349482 834.391100 4.171772
2454525.356419 834.386889 3.949863
2454525.361978 835.235324 34.120694
2454525.370308 836.592462 46.888327
2454533.591813 833.646760 17.995609
2454533.608194 833.567643 5.792220
2454540.591114 833.285797 5.072452
2454540.607522 833.304173 18.234337
2454547.591779 832.864270 3.911752
2454547.608183 833.000465 43.059496
2454554.591469 832.495692 3.838319
2454554.607885 832.491447 4.518265
2454561.591316 832.628177 4.536645
2454561.607824 832.662792 7.720850
2454568.591417 832.531392 11.183161
2454568.607893 832.510488 5.423537
2454575.591900 832.417938 14.540912
2454575.608312 832.364557 3.734925
2454582.591823 832.224939 6.549807
2454582.608245 832.280483 22.475268
2454589.591540 832.318488 6.406876
2454589.607944 832.355188 6.293833
2454596.591437 832.287294 6.123195
2454596.607855 832.244542 5.737018
2454603.249077 831.440850 26.245219
2454603.253234 832.302547 10.424808
2454603.257089 832.995175 25.758828
2454603.262059 834.700911 53.103281
2454617.590906 832.262674 13.358661
2454617.607561 832.288969 5.946192
2454624.591190 831.832808 4.044308
2454624.607842 831.871046 5.821025
2454630.097190 831.264126 26.296875
2454630.101012 832.080859 7.895998
2454630.104834 832.810606 23.180990
2454630.109783 834.562007 49.070942
2454638.591573 831.896209 8.387579
2454638.608218 832.149416 11.200726
2454645.591267 831.982705 8.847037
2454645.607919 832.004714 5.081469
2454652.591189 831.751258 5.896950
2454652.607818 830.968596 26.514360
2454659.591636 831.991835 13.061074
2454659.608297 832.014012 5.702602
2454666.590424 831.897166 5.080345
2454666.607074 831.897943 4.314930
2454673.590366 831.897967 8.349840
2454673.606780 831.888503 7.459064
2454687.133206 831.954401 7.688181
2454687.136974 831.957850 5.186138
2454687.141538 832.737497 28.157949
2454687.146448 834.481532 61.664529
2454687.156639 831.904073 4.251645
2454708.589920 832.126978 22.062016
2454708.606347 831.319140 31.804935
2454715.590658 832.138354 4.596331
2454715.607083 832.169372 19.039831
2454722.590660 832.139889 3.516258
2454722.607084 831.290482 26.633127
2454729.590605 832.184488 4.230575
2454729.607088 832.223777 6.234843
2454736.590605 831.446179 26.226617
2454736.607099 832.289107 14.760473
2454743.590605 832.581818 15.530868
2454743.607095 832.560565 14.223599
2454750.590925 832.477867 5.606454
2454750.607084 832.539413 33.523465
2454757.590659 832.543293 8.226490
2454757.607083 832.522981 13.514046
2454764.590658 832.703478 9.290274
2454764.607084 832.665569 7.486135
2454771.590658 832.881525 7.075239
2454771.607084 832.873833 6.296859
2454778.590605 833.227629 6.651368
2454778.607083 833.258324 4.883865
2454799.591900 833.940969 4.332894
2454799.608329 833.910542 4.307196
2454806.591510 834.136757 3.600746
2454806.607907 834.182019 7.779898
2454813.591756 833.719887 4.412786
2454813.608187 833.704866 6.488332
2454820.591478 833.844046 4.460786
2454820.607894 833.821977 4.379374
2454827.592021 833.991527 5.436146
2454827.608202 833.934264 5.703535
2454834.590728 834.232812 4.405440
2454834.607150 834.275687 20.897936
2454841.590619 834.141637 5.802581
2454841.607206 834.132196 12.211298
2454848.591822 834.399897 6.672740
2454848.608233 834.372966 11.450071
2454855.591167 834.021254 7.703133
2454855.607573 834.014131 7.068001
2454862.591447 833.862556 5.358525
2454862.607873 833.828424 3.723910
2454869.670154 833.852948 31.623010
2454869.675029 833.772144 7.736064
2454869.684043 833.768369 42.010911
2454869.689598 836.455085 69.184310
2454877.083562 832.633709 4.345630
2454877.088052 832.679689 5.581893
2454877.092914 833.647965 40.026148
2454877.098456 835.466643 65.730529
2454890.591537 832.869638 12.612906
2454890.608208 832.059668 28.451258
2454897.591216 832.629850 3.998261
2454897.607852 832.696439 4.833127
2454904.590391 832.261959 4.732066
2454904.607203 831.513118 31.924352
2454911.591576 831.849324 4.457334
2454911.608275 831.941669 17.387460
2454918.591128 831.995752 4.077794
2454918.607940 832.040847 15.332106
2454925.591575 831.876517 5.797780
2454925.608242 831.942177 6.700054
2454932.590031 831.947107 5.270118
2454932.606678 831.960847 9.844321
2454939.591607 831.901118 10.387605
2454939.608271 831.917581 5.216723
2454954.178469 831.704102 26.870108
2454954.182638 831.685055 4.632812
2454954.186805 832.462035 22.591796
2454954.192322 834.797994 89.476601
2454967.591828 831.572534 7.469737
2454967.608242 831.606464 8.322130
2454974.590615 831.614583 14.154636
2454974.607201 831.663387 23.393485
2454981.590329 830.808151 27.534991
2454981.606750 831.587352 5.033620
2454988.592145 831.504939 5.011694
2454988.608312 831.589915 15.429927
2454995.591765 830.590826 26.914731
2454995.608240 831.442547 4.519587
2455002.591516 831.221693 17.949871
2455002.607950 831.252104 5.147498
2455005.152146 831.298274 7.453151
2455005.156005 831.329766 12.935725
2455005.159884 832.034528 17.010470
2455005.164860 833.843708 51.710141
2455009.591799 831.319264 13.267696
2455009.608202 831.314368 5.011287
2455016.590297 831.168518 6.768294
2455016.606825 831.188638 5.312973
2455023.591420 831.102727 6.222369
2455023.607843 831.125030 5.279638
2455037.590789 831.230283 10.772050
2455037.607212 830.454907 27.067870
2455044.591239 830.434410 27.080794
2455044.607658 831.260762 6.907987
2455048.218287 831.256362 5.041002
2455048.222443 831.287895 5.588151
2455048.226609 832.203274 31.487252
2455048.231608 834.159009 63.699785
2455065.591552 831.510075 12.100375
2455065.608217 831.461699 4.476480
2455072.591510 831.532681 16.534184
2455072.608177 831.599462 7.667022
2455079.591480 831.355947 5.890058
2455079.607900 831.384132 3.870067
2455100.591079 831.643505 4.594352
2455100.607504 831.632241 5.735624
2455107.589507 831.601273 6.626470
2455107.606102 831.578342 5.105984
2455114.590087 831.597811 6.035858
2455114.606366 831.622701 6.211523
2455121.590774 831.754340 3.888538
2455121.607186 831.767520 7.851283
2455128.591726 831.546761 27.086835
2455128.608161 831.494355 17.188068
2455156.629969 831.639830 20.562509
2455156.644099 831.704033 6.401387
2455163.591869 831.773407 4.859714
2455163.608291 831.095324 27.189135
2455170.591797 831.937702 4.637723
2455170.608204 831.989082 12.146247
2455177.591871 832.138272 7.729502
2455177.608290 832.114279 7.006748
2455184.591782 832.014828 5.902796
2455184.608197 831.966937 7.409551
2455191.591864 832.141155 5.808048
2455191.608269 832.200015 20.663062
2455198.589530 832.235747 13.551831
2455198.605958 832.216650 4.470616
2455205.590739 832.262060 5.531077
2455205.607148 832.240988 5.522610
2455219.591886 831.851764 7.487264
2455219.608292 831.858085 14.393846
2455224.217225 832.102686 5.517941
2455224.221393 832.134267 5.374419
2455224.225582 833.241620 50.610519
2455224.230511 834.260318 54.375593
2455240.591877 831.968039 20.917355
2455240.608300 831.913826 5.909240
2455247.591102 831.654231 5.113706
2455247.607523 831.679074 6.206043
2455254.591007 831.267835 4.262782
2455254.607422 832.252730 58.280683
2455261.591826 830.707467 4.154841
2455261.608235 830.745519 4.769948
2455268.591921 830.518877 8.504965
2455268.608350 830.564007 17.874378
2455275.591936 830.226314 4.792893
2455275.608339 830.238276 8.848501
2455282.591861 830.577118 4.760594
2455282.608333 830.449784 7.533358
2455289.589922 830.680918 9.829922
2455289.606348 830.823076 39.277860
2455296.591856 830.336452 5.116818
2455296.608284 830.317437 6.463264
2455303.591908 830.316520 6.885367
2455303.608338 830.348200 9.783695
2455310.591467 828.686541 37.111425
2455310.607896 830.287998 4.687208
2455312.461704 830.185856 4.405572
2455312.465558 830.193606 6.313327
2455312.469449 830.939726 31.238227
2455312.474441 831.701544 42.077517
2455312.525392 830.120098 4.895201
2455312.529369 830.152468 4.154619
2455312.533228 830.922766 30.722447
2455312.538103 832.571971 50.881242
2455324.607926 830.259787 4.941269
2455331.591799 829.422005 28.123587
2455331.608343 830.256051 10.979930
2455338.590785 829.920747 3.602510
2455338.607175 829.971103 5.537745
2455345.591810 829.924370 6.901451
2455345.608199 829.923233 9.074681
2455352.590753 829.892984 8.650547
2455352.607163 829.843045 3.804428
2455359.591779 829.979824 5.327018
2455359.608186 829.992885 5.191516
2455362.440994 830.001909 7.196833
2455362.444791 829.999117 5.602680
2455362.448650 830.843346 27.922625
2455362.453666 832.383046 46.380044
2455366.591831 829.792755 7.198316
2455366.608265 829.792133 5.798863
2455373.603099 829.195455 26.385010
2455373.611077 829.944104 13.544288
2455380.608132 829.691321 4.721715
2455380.622103 829.731711 7.322018
2455387.591762 829.116006 26.306956
2455387.608187 829.928265 4.796460
2455394.591088 829.139107 26.596484
2455394.607533 829.973873 9.421442
2455398.454375 829.883099 4.537763
2455398.458534 829.946803 6.221090
2455398.462699 830.671863 20.658174
2455398.467686 832.535066 64.698311
2455398.477075 829.086346 26.229503
2455443.591844 829.559209 5.348963
2455443.608271 829.596417 4.391234
2455450.591918 829.777363 4.473848
2455450.608338 829.799471 8.927485
2455464.591075 828.724930 26.572008
2455464.607482 828.747662 27.342768
2455471.591118 829.621926 21.494939
2455471.607542 829.605007 3.944942
2455478.590677 829.598353 5.013664
2455478.607109 829.670940 22.772123
2455485.630247 829.510712 4.298156
2455485.645512 829.582015 3.908078
2455492.591090 829.649171 6.585812
2455492.607570 829.639229 6.266468
2455499.592057 829.449431 4.294117
2455499.608502 829.496283 4.475914
2455506.591428 829.583119 3.754754
2455506.607854 829.627095 4.801641
2455513.591817 829.881996 4.242478
2455513.608294 829.890870 5.868032
2455520.590705 829.615295 3.417380
2455520.607185 829.813590 35.946539
2455527.591850 829.687204 5.403037
2455527.608274 829.895159 47.404407
2455541.591857 829.732162 6.403576
2455541.608271 829.769868 7.689748
2455548.591179 829.785361 4.959358
2455548.607607 829.831203 5.732268
2455555.590758 829.900418 9.257196
2455555.607151 829.915954 8.799668
2455562.591846 829.914062 4.146155
2455562.608270 829.920881 4.342031
2455569.590375 829.985329 15.559793
2455569.606804 829.976171 8.863725
2455576.591358 829.911695 12.417771
2455576.607836 829.948930 12.522162
2455590.591840 829.407192 9.174472
2455590.608265 829.454335 4.813820
2455597.591249 829.502413 5.730022
2455597.607691 829.501936 3.545324
2455602.203111 828.725036 26.597289
2455602.206938 829.534244 13.690159
2455618.591901 829.248155 4.509278
2455618.608317 829.320328 6.187148
2455625.591772 829.264740 3.535428
2455625.608243 829.272149 4.689456
2455638.591495 829.090237 3.765208
2455638.607933 829.166520 5.812145
2455645.591893 828.753623 16.079939
2455645.608324 829.054859 6.344694
2455652.591861 828.982036 3.919201
2455652.608287 829.017048 3.843270
2455659.588589 829.030449 6.171065
2455659.605009 828.991318 4.880363
2455666.608224 828.942955 3.955947
2455673.590981 828.919295 3.535088
2455673.607628 828.997561 8.582499
2455680.591896 829.005881 40.456225
2455680.608352 828.886372 5.095461
2455687.591422 828.852749 11.361637
2455687.607823 828.880750 8.420243
2455694.591534 828.724699 4.655570
2455694.607952 828.915690 51.125295
2455701.590259 828.744132 11.259480
2455701.606882 828.765998 5.599096
2455708.589670 828.655650 7.934325
2455708.606094 828.711740 5.785892
2455715.590239 828.532853 3.392808
2455715.606668 828.593998 7.040485
2455722.591490 828.550386 13.563199
2455722.607910 828.727275 37.753950
2455730.591819 828.561344 5.539892
2455730.607878 827.784651 26.166751
2455736.591096 828.443876 6.448115
2455736.607510 828.479304 3.716125
2455743.591373 827.955713 15.112519
2455743.607858 828.659865 7.663593
2455750.590721 828.575869 26.745357
2455750.607202 828.532272 5.136565
2455757.591500 828.521935 27.123683
2455757.608090 828.515243 8.894126
2455761.123393 828.509304 4.165985
2455761.127546 828.551393 11.105928
2455761.131724 829.132630 13.501916
2455761.136628 830.527005 45.541395
2455771.590283 828.625676 3.984130
2455771.606859 827.856866 27.554399
2455778.590753 828.715710 10.133273
2455778.607190 828.749898 12.398623
2455785.590052 828.749124 17.288534
2455785.606491 828.736862 5.480305
2455792.590686 828.495153 8.547766
2455792.607118 828.468338 3.917930
2455799.591757 828.537344 3.938887
2455799.608291 828.513920 3.777218
2455806.591058 828.540846 4.597631
2455806.607441 828.544126 4.481254
2455813.590948 828.550179 5.850309
2455813.607401 828.600159 5.826350
2455820.589705 828.498549 3.944483
2455820.606137 828.529427 4.079176
2455827.590724 828.589158 3.864596
2455827.607149 828.609850 4.897971
2455834.591617 828.643189 16.163055
2455834.608041 828.627029 6.218225
2455841.590961 828.633967 3.235183
2455841.607393 828.677238 3.344483
2455851.591064 828.741518 4.030562
2455851.607527 828.770140 6.736915
2455855.608104 828.504764 12.265777
2455855.623324 827.752369 26.207481
2455862.591782 828.795269 7.476285
2455862.608204 828.824725 5.151969
2455869.591762 828.789866 15.257034
2455869.608244 828.760769 7.748305
2455876.590970 828.095495 28.641960
2455876.607451 828.943978 4.656956
2455883.591790 828.849495 4.374031
2455883.608272 828.921442 5.095351
2455890.589970 828.828408 4.749976
2455890.606403 828.837799 4.336204
2455897.591103 828.934367 8.095770
2455897.607536 828.947501 4.594629
2455904.589259 828.860538 3.855192
2455904.605704 828.833713 4.120509
2455914.591486 828.181507 27.202646
2455914.607930 829.025208 4.576616
2455918.591988 828.973456 4.516287
2455918.608414 828.990004 5.056980
2455923.590581 828.991105 10.185341
2455923.607011 829.033364 5.817387
2455925.591806 829.073483 19.839947
2455925.608220 829.061160 5.290207
2455946.590046 829.204550 10.316079
2455946.606491 829.175198 4.769644
2455953.608144 828.913051 5.850940
2455960.591556 828.748553 6.160258
2455960.607828 828.771532 6.106994
2455967.588850 828.550680 3.825117
2455967.604712 828.694317 34.233927
2455974.591984 828.270673 5.041905
2455974.608412 828.318254 3.972795
2455981.591044 828.457547 3.821651
2455981.607630 828.576264 20.756694
2455988.591040 828.574753 5.108699
2455988.607165 828.621766 15.805759
2455995.932824 829.529393 50.106783
2455995.948781 829.979625 63.378931
2456002.591066 827.874787 2.849167
2456002.607501 826.314104 36.824116
2456009.589593 827.938564 5.813127
2456009.606027 827.945819 7.428107
2456016.589938 827.927512 5.695458
2456016.606437 827.929729 5.348982
2456023.590706 827.873421 3.601933
2456023.607204 827.907454 10.494963
2456030.591774 827.811910 3.553434
2456030.608207 827.889608 5.462012
2456037.589285 827.812878 12.442833
2456037.605732 827.830540 15.800152
2456044.628903 827.732518 4.426781
2456044.642177 827.841449 19.219993
2456065.589282 826.835429 28.593221
2456065.605592 827.617524 8.967025
2456072.591525 827.551156 3.680660
2456072.607932 827.585479 6.262778
2456079.591814 827.537382 3.782119
2456079.608224 827.560628 3.591148
2456086.590323 827.672359 3.461542
2456086.606844 827.679514 7.744707
2456093.633503 827.497117 3.981323
2456093.650016 827.492318 3.330967
2456100.591916 826.686269 26.709918
2456100.608328 827.509419 3.481003
2456111.072236 827.472298 8.331599
2456111.076052 827.529499 5.917205
2456111.079868 828.101615 15.840607
2456111.084808 829.633357 57.007677
2456111.094943 827.528149 4.132283
2456128.591642 827.511361 14.300235
2456128.608072 827.561028 8.412910
2456132.070657 827.614701 10.001083
2456132.074475 827.631851 8.355748
2456132.078319 828.834078 28.611690
2456132.083261 831.700205 68.654371
2456135.591830 827.506758 5.413905
2456135.625314 827.645438 23.015479
2456142.590499 827.568250 5.764601
2456142.606931 827.567735 4.624603
2456156.590391 827.477619 4.296841
2456156.606821 827.542088 4.142387
2456163.590191 827.403123 5.236711
2456163.606625 827.404617 9.824158
2456170.590316 827.517300 7.085055
2456170.606748 827.495980 5.132238
2456177.589660 827.520115 4.211516
2456177.606090 827.494254 3.914221
2456184.589126 827.511310 4.417859
2456184.605564 827.537656 23.702734
2456191.590425 827.614857 4.270420
2456191.606840 827.581773 4.831746
2456198.591364 827.595273 4.514792
2456198.607794 827.590793 7.833678
2456205.592005 827.607129 4.571777
2456205.608486 827.626307 4.329426
2456212.592080 827.721943 6.200458
2456212.608520 827.749990 14.137491
2456218.589843 827.683586 16.369409
2456218.606272 826.839504 26.048675
2456226.590597 827.692172 13.308664
2456226.607053 827.665937 6.892409
2456233.591886 827.721320 3.378819
2456233.608354 827.720529 3.477602
2456240.590500 827.726650 6.533166
2456240.606928 827.764360 6.603329
2456247.591279 826.962270 26.091840
2456247.607670 827.779362 12.111605
2456254.590890 827.693974 4.820320
2456254.607304 827.732469 10.142233
2456261.592077 827.924202 6.240765
2456261.608505 828.020839 31.779494
2456268.592070 827.969851 3.580882
2456268.608500 827.992316 6.504991
2456275.591618 827.996250 12.997485
2456275.608051 828.006410 3.724967
2456282.589674 828.193554 3.262649
2456282.606098 828.269467 23.143199
2456289.710086 828.092085 4.105884
2456289.738135 827.345091 27.181178
2456296.591460 828.084923 4.063893
2456296.607941 828.111069 3.338990
2456303.591611 828.173654 13.142834
2456303.608038 828.312850 17.373987
2456310.588371 828.071838 13.062392
2456310.604798 828.077638 5.191905
2456317.591711 827.986172 3.711179
2456317.608135 828.008427 3.501585
2456324.591263 827.716853 3.759964
2456324.607667 827.750990 4.385664
2456331.591982 827.421697 3.587576
2456331.608419 827.455583 7.262190
2456338.590067 827.278233 5.621713
2456338.606496 827.311226 5.019747
2456345.590186 827.523522 5.277903
2456345.606634 827.526506 4.953905
2456352.630200 827.537691 9.418723
2456352.645496 827.560919 14.297656
2456359.592013 827.421947 8.697106
2456359.608447 827.396156 4.781865
2456366.590670 827.361691 4.979278
2456366.607101 827.402118 8.572092
2456373.592135 827.297255 3.017722
2456373.608568 827.318454 4.127568
2456380.591119 828.061423 88.920952
2456380.607190 827.360812 3.831301
2456387.592033 827.258534 8.856119
2456387.608465 827.273097 5.262334
2456394.606033 827.411426 14.716032
2456401.589587 827.174852 3.432157
2456401.606288 827.217010 6.695136
2456408.590724 827.185804 5.874551
2456408.607195 827.187674 5.166508
2456415.589192 826.016190 28.468143
2456415.605603 827.163504 3.924978
2456422.591158 826.769729 4.051106
2456422.607534 826.791750 4.579889
2456429.590283 826.792867 5.556918
2456429.607627 826.811776 11.072807
2456436.591108 826.879561 15.686007
2456436.607526 826.814329 12.803859
2456443.591030 825.945131 26.036418
2456443.607794 826.815582 13.572818
2456450.589814 826.811680 3.592919
2456450.606207 826.784140 5.103275
2456457.630795 826.757369 4.623998
2456457.646053 825.968575 26.060983
2456485.592053 826.646201 3.219351
2456485.608487 826.687033 4.047678
2456492.590503 826.729525 22.331767
2456492.606939 826.740039 4.180924
2456506.592032 826.800913 4.091832
2456506.608470 826.795062 8.782107
2456513.592045 826.808030 5.152438
2456513.608481 826.792557 5.028652
2456520.589068 826.741684 10.725227
2456520.605506 826.746166 5.567135
2456527.592075 826.790221 18.076988
2456527.608512 826.793468 4.819551
2456534.591590 826.781177 3.134139
2456534.608029 826.806655 3.333286
2456541.591204 826.764787 3.043127
2456541.607643 826.798411 3.923426
2456555.590894 826.860543 3.301825
2456555.606918 826.918698 6.032941
2456562.591084 826.086794 26.016074
2456562.607578 826.938848 3.022607
2456569.588481 826.894071 10.563949
2456569.604920 826.884259 3.626373
2456576.591960 826.911071 3.662092
2456576.608398 826.933291 9.410572
2456583.591418 827.024878 8.006339
2456583.607935 827.050175 3.449815
2456590.591565 827.052672 5.839180
2456590.608056 827.062735 5.371384
2456597.591674 827.119850 3.424401
2456597.608148 827.145259 6.904675
2456604.591278 827.088354 3.705994
2456604.607768 827.130391 7.774023
2456611.591259 827.105948 10.124359
2456611.607750 827.217832 14.331909
2456618.590868 827.113072 7.239723
2456618.607358 827.139996 14.953616
2456632.592039 827.366918 3.468681
2456632.608465 827.381587 3.730665
2456639.590932 827.225534 3.391594
2456639.607368 826.461806 26.097521
2456645.049866 826.429752 26.056527
2456645.054033 827.284125 5.302847
2456645.058173 827.850916 10.951821
2456645.063130 829.298169 34.217129
2456645.074285 827.287009 3.858927
2456667.591257 827.167039 10.821566
2456667.607687 827.207378 10.117325
2456674.591290 827.074907 3.822834
2456674.607724 827.195982 33.103519
2456681.591710 827.066389 4.213840
2456681.608140 827.087348 8.534987
2456688.589778 827.100336 2.955070
2456688.606220 827.135330 3.845449
2456695.589894 827.103003 3.713834
2456695.606331 827.174788 16.527402
2456702.591634 827.068398 7.514011
2456702.608067 827.125285 6.079531
2456709.591017 827.033039 10.210373
2456709.607605 827.011239 3.705511
2456716.590727 826.961498 5.204475
2456716.607159 826.961677 14.406856
2456723.590481 826.874147 2.976211
2456723.606870 826.925125 4.291768
2456730.592008 826.855162 3.888770
2456730.608441 826.857882 3.516721
2456737.590475 826.797567 16.268397
2456737.606967 826.850580 3.680489
2456744.590887 826.781686 7.694387
2456744.607331 826.775637 14.597740
2456751.591345 826.741496 3.245531
2456751.607785 825.982265 26.120070
2456758.591280 826.587803 3.480013
2456758.607713 826.596379 4.252221
2456765.591882 826.681659 4.189526
2456765.608314 825.920434 27.302671
2456772.590303 826.671364 7.454895
2456772.607064 826.655655 8.146648
2456779.589810 826.550909 8.814744
2456779.606234 826.498922 3.230862
2456786.591075 826.461766 3.583108
2456786.607480 826.444650 3.721462
2456793.590766 826.444446 6.388000
2456793.607190 826.477124 8.205940
2456800.591782 826.553391 2.980961
2456800.608205 826.570512 4.411044
2456807.590128 826.502214 6.595866
2456807.606568 826.500726 3.820124
2456814.590646 826.441745 3.160381
2456814.607089 826.455783 5.226895
2456821.532794 826.422030 8.255350
2456821.536632 826.429328 3.690742
2456821.540492 827.075424 16.544240
2456821.545459 828.505835 38.877682
2456842.592089 826.583447 6.595419
2456842.608518 826.566844 3.745837
2456849.590858 826.557572 4.070642
2456849.607297 825.799453 26.246157
2456856.591249 826.527540 3.223124
2456856.607692 826.684905 27.411224
2456863.588954 826.625043 18.443194
2456863.605445 826.609973 4.078062
2456870.591679 826.582236 7.284089
2456870.608162 826.581585 3.449647
2456877.591909 826.521756 2.853257
2456877.608397 826.547604 3.726276
2456884.590077 826.485015 2.955156
2456884.606519 826.468752 5.262403
2456891.589461 826.532674 4.159535
2456891.605887 826.588971 7.023675
2456898.590918 826.548169 8.819988
2456898.607354 826.634186 24.141196
2456905.591931 826.629629 5.878927
2456905.608368 826.596737 8.908649
2456912.591453 826.634251 5.305014
2456912.608026 826.706338 11.504067
2456919.592649 826.647486 3.102957
2456919.609119 826.689667 6.256841
2456926.591706 826.659450 15.175549
2456926.608144 826.771077 29.158382
2456933.590969 826.641427 6.862049
2456933.607390 826.715442 12.191029
2456940.590939 826.677773 2.976003
2456940.607363 826.769631 19.668907
2456947.590146 826.911293 41.639459
2456947.606570 826.748026 11.337461
2456954.591271 826.685922 5.387713
2456954.607707 826.700366 3.463503
2456961.590952 825.945332 26.082192
2456961.607391 826.805017 20.474891
2456968.590992 826.743125 3.553174
2456968.607425 826.798196 9.596084
2456975.590972 826.722497 3.443249
2456975.607408 826.761132 10.175013
2456982.590759 825.982041 26.212447
2456982.607172 826.802488 3.267975
2456989.590923 826.815713 9.473076
2456989.607358 826.819969 3.474991
2456996.590539 826.828073 3.369998
2456996.606974 826.838771 3.328755
2457003.009657 826.764338 3.530422
2457003.013829 826.810030 4.825976
2457003.017986 827.505360 23.881929
2457003.022904 829.336970 79.134088
2457017.590931 826.891998 3.702792
2457017.607358 826.888240 4.244752
2457024.589719 826.840319 3.237843
2457024.606156 826.857496 11.967198
2457031.590621 826.817824 3.181453
2457031.607057 826.863130 13.293204
2457038.590466 826.855130 5.552477
2457038.606904 826.820976 3.964070
2457045.591202 826.271714 14.838304
2457045.607639 825.982786 26.161789
2457052.590171 826.743855 15.536744
2457052.606375 826.722461 3.711128
2457059.591903 826.947489 5.660140
2457059.608317 826.103619 26.039817
2457066.591583 824.240837 44.799258
2457066.608067 826.729771 8.048864
2457073.591217 826.591625 3.118227
2457073.607639 826.638340 3.579162
2457080.591263 826.538578 4.066519
2457080.607678 826.563657 5.208169
2457087.591670 826.550513 3.293359
2457087.607537 826.627154 6.305201
2457094.590602 826.551475 3.225092
2457094.607082 826.564561 5.117457
2457101.591304 826.508248 3.198087
2457101.607801 826.527875 4.856155
2457108.590979 826.400712 3.385915
2457108.607707 826.427429 4.003201
2457115.589633 826.352724 13.338057
2457115.606103 826.361863 3.818103
2457122.591274 826.302483 4.895006
2457122.607697 826.343369 4.479736
2457129.590653 826.265659 21.910987
2457129.607073 825.455874 26.105779
2457136.590379 826.215247 3.389482
2457136.606817 826.259607 4.171491
2457143.590298 826.227394 15.586447
2457143.606717 826.203938 10.862522
2457150.591993 826.060488 4.866108
2457150.608432 826.097964 3.080544
2457157.590595 826.127170 3.263100
2457157.607035 826.168119 3.643238
2457164.591978 826.058362 3.088893
2457164.608422 826.088394 3.368953
2457171.589532 826.055370 3.597882
2457171.606277 826.073146 7.035598
2457177.114163 826.065066 3.688133
2457177.118330 826.073118 3.292425
2457177.122499 826.692686 18.419284
2457177.127466 828.414762 57.885714
2457177.623768 826.563045 7.591627
2457199.589868 826.153156 5.257047
2457199.606298 826.168160 9.359171
2457206.591787 825.368394 26.536015
2457206.608395 826.250596 8.458648
2457213.590852 826.193635 4.588630
2457213.607287 826.241620 10.062098
2457220.591665 826.131837 3.057178
2457220.608107 826.202667 4.464642
2457227.589817 826.100732 3.495482
2457227.606258 825.315827 26.475877
2457234.591316 826.116913 3.782702
2457234.607756 826.101498 3.824142
2457241.591316 826.109336 3.789831
2457241.607759 826.171054 3.827211
2457248.589729 826.193752 3.200063
2457248.606175 826.214208 13.680531
2457255.592019 826.228173 3.712465
2457255.608455 826.243141 3.624024
2457262.591231 826.129803 3.196948
2457262.607675 826.126842 9.207675
2457269.590630 825.352019 26.554641
2457269.607121 826.264065 23.903899
2457283.591325 826.048643 3.298296
2457283.607765 826.102969 10.730232
2457290.591706 826.007030 3.900341
2457290.608135 826.065330 6.364706
2457297.590502 826.019810 3.842553
2457297.606937 826.058680 4.772948
2457304.590501 825.978981 3.152740
2457304.606938 826.031394 4.255102
2457311.591646 826.211195 4.375234
2457311.608082 826.225398 3.248710
2457318.590578 826.276581 5.411289
2457318.607018 826.523718 37.311864
2457325.591939 825.602275 19.072396
2457325.608374 826.115836 4.958589
2457332.590172 826.249139 3.830232
2457332.606606 826.245435 3.619071
2457339.592022 826.268828 3.362334
2457339.608457 826.289741 5.069898
2457346.590928 826.280408 3.038494
2457346.607353 826.276747 5.793220
2457353.590545 826.362792 5.097892
2457353.606981 826.361051 9.342704
2457359.215211 826.390348 4.373842
2457359.219386 826.417750 3.872930
2457359.223531 826.337061 29.832865
2457359.228454 828.874840 46.361545
2457359.256361 826.424684 3.932134
2457374.590915 826.594775 3.582526
2457374.607344 826.620642 19.991508
2457381.591932 826.627477 4.983883
2457381.608370 826.685000 15.760269
2457388.590918 826.585552 2.979811
2457388.607354 826.645659 4.921203
2457395.590137 826.517192 3.439004
2457395.606572 826.498013 3.762698
2457402.590539 826.649467 39.880744
2457402.606974 826.430124 4.320932
2457409.592036 826.432034 3.963646
2457409.608456 826.483986 4.376088
2457416.591660 826.362437 3.373322
2457416.608087 826.426765 4.917069
2457423.589836 826.284830 4.293010
2457423.606272 826.620368 54.429283
2457430.591329 826.335656 4.594302
2457430.607769 826.339138 8.446488
2457437.591285 826.247156 16.956992
2457437.607717 826.202517 3.316726
2457445.205985 828.629185 47.781764
2457451.590702 826.123168 7.621859
2457451.607187 826.143680 4.289824
2457465.590271 826.022720 7.823017
2457465.606975 826.061561 5.627046
2457472.590006 825.991136 5.540352
2457472.606438 825.188111 27.275995
2457479.590628 825.929231 5.184165
2457479.607068 825.992927 5.320038
2457486.588879 818.641264 77.658422
2457486.605286 825.910601 4.736886
2457493.590997 825.873014 5.946189
2457493.607434 825.930313 5.214055
2457500.591097 825.856900 3.362252
2457500.607537 825.907233 6.493078
2457507.591947 825.847777 4.587680
2457507.608369 825.905101 8.498927
2457514.590377 825.783040 4.945805
2457514.606804 825.894540 4.933457
2457521.591356 825.750882 12.940532
2457521.607801 825.769009 4.716748
2457528.590727 825.595740 22.926418
2457528.607145 825.641778 15.011354
2457534.665816 825.932422 12.898079
2457534.669992 826.005552 12.689339
2457534.674140 826.656845 19.531908
2457534.679068 828.204819 39.836631
2457549.590892 825.953634 5.573144
2457549.607325 825.974422 7.232661
2457556.591578 825.901967 7.004605
2457556.608013 825.923377 3.396800
2457563.591580 825.913957 4.343665
2457563.608013 825.991008 11.343593
2457570.591339 825.757216 8.848030
2457570.607771 825.803843 4.842923
2457577.590183 825.834168 8.971661
2457577.606619 825.933120 17.344038
2457584.590133 825.807207 6.775307
2457584.606568 825.780684 3.782674
2457591.591946 825.825534 3.821879
2457591.608379 825.894449 6.038361
2457598.590215 825.035970 30.375822
2457598.606648 825.818812 5.225714
2457605.592082 825.773683 3.788745
2457605.608516 825.874136 21.483323
2457612.589735 825.780448 10.713709
2457612.606167 825.025402 26.510774
2457619.589867 825.803531 3.828510
2457619.606297 825.777765 4.347802
2457626.590531 825.805169 5.303667
2457626.606731 825.808915 22.395981
2457633.591846 825.827971 6.575085
2457633.608277 825.777724 11.554719
2457640.590985 825.831286 18.902159
2457640.607398 825.052704 26.672141
2457647.590514 825.877118 4.274920
2457647.606944 825.895911 4.761971
2457654.589774 825.927096 5.509756
2457654.606204 825.977338 13.395782
2457661.590942 825.898680 4.506617
2457661.607363 825.935410 5.273626
2457668.591265 826.054072 9.998449
2457668.608043 826.005097 6.599859
2457675.589783 825.747669 4.451903
2457675.606210 825.773495 9.142920
2457682.590619 824.795733 26.026581
2457682.607031 825.571469 3.878808
2457689.589132 825.596047 5.272071
2457689.605557 825.654581 20.915887
2457696.590110 825.659086 6.357201
2457696.606533 825.729287 6.723695
2457703.591730 825.695858 3.982367
2457703.608145 825.931958 52.141312
2457710.591833 824.866954 26.051172
2457710.608309 825.739674 4.962374
2457717.591737 825.723717 5.054970
2457717.608195 825.743002 4.438715
2457724.590446 826.000283 4.780576
2457724.606993 826.012862 8.556224
2457731.591884 826.068291 5.467816
2457731.608357 826.151163 19.281161
2457738.590848 825.848461 7.085282
2457738.607275 825.847678 8.094614
2457745.590870 825.826564 8.490341
2457745.607267 825.842840 6.446376
2457752.592020 825.699059 6.156611
2457752.608431 825.730094 13.921786
2457759.592016 825.587919 3.896312
2457759.608805 825.658675 8.034212
2457766.590576 825.644099 4.558789
2457766.606985 825.688498 4.673439
2457773.590935 825.674581 5.332187
2457773.607354 825.613658 5.852642
2457780.590938 825.610990 4.915857
2457780.607354 824.838525 26.301039
2457787.592009 825.544275 10.439936
2457787.608419 825.580566 8.933946
2457794.590562 825.463512 5.530725
2457794.606987 825.440293 4.061560
2457801.590509 825.526222 5.599842
2457801.606918 825.556982 19.770718
2457808.591967 825.214895 4.724340
2457808.608377 825.295413 9.675990
2457815.591168 825.364856 3.430955
2457815.607582 825.448608 12.222646
2457822.591802 825.560457 8.511807
2457822.608429 825.605587 11.088820
2457829.591279 825.439857 7.031328
2457829.607692 825.456106 8.938169
2457836.589935 825.454370 4.341773
2457836.606389 825.525270 8.733347
2457843.591104 825.437199 11.614274
2457843.607577 825.380175 3.827690
2457850.591062 825.194989 5.237296
2457850.607485 824.418324 26.194354
2457857.590057 825.104787 4.595530
2457857.606462 825.105544 6.090891
2457864.590273 825.364173 3.421415
2457864.606697 825.397439 5.708999
2457871.590621 825.177436 4.021083
2457871.607043 825.228216 9.281105
2457878.591590 825.236024 5.405927
2457878.608013 825.268069 4.823350
2457885.591708 825.145051 17.274494
2457885.608135 825.252089 24.393869
2457886.425989 824.992845 4.660334
2457886.430156 825.011343 5.237269
2457886.434311 825.974008 33.968884
2457886.439294 827.886235 39.164059
2457906.589476 825.227098 5.528616
2457906.605904 824.526374 26.311701
2457913.591866 825.127750 3.882581
2457913.608295 824.488667 20.491618
2457920.591357 825.054152 12.919472
2457920.607782 824.199414 25.068553
2457927.589449 825.105663 12.035190
2457934.591714 824.989860 7.896800
2457934.608141 824.970541 6.966197
2457941.589409 825.011673 9.569397
2457941.605838 825.008799 3.878794
2457948.591713 824.994554 6.359314
2457948.608143 825.038991 12.751952
2457955.590159 824.937865 6.160221
2457955.606587 824.970346 8.168138
2457962.590923 824.884911 4.172998
2457962.607352 824.892680 4.842526
2457969.589727 824.963396 4.517493
2457969.606156 824.993647 7.000732
2457976.591710 824.941532 9.327789
2457976.608138 824.961411 6.143183
2457984.591846 824.999804 6.643529
2457984.608320 825.019487 8.089392
2457990.589789 824.879782 3.725688
2457990.606214 824.958945 5.556062
2457997.591303 824.935976 12.705763
2457997.607730 824.985828 4.148245
2458004.589132 823.420094 37.695558
2458004.605337 825.094415 13.230106
2458011.591218 825.014084 5.008892
2458011.607989 825.084619 5.930890
2458018.591586 825.003183 3.754359
2458018.608013 825.070773 6.121375
2458025.590980 825.171052 5.987301
2458025.607406 825.212021 3.767747
2458032.590856 825.238338 3.568536
2458032.607275 825.293475 4.338919
2458039.590909 825.256860 3.739975
2458039.607320 825.311764 5.143094
2458046.590508 825.160256 5.601727
2458046.606928 825.210841 4.361672
2458053.607349 825.231460 4.573202
2458060.591998 825.153512 5.846527
2458060.608425 825.217314 8.273182
2458067.623133 825.134732 15.249805
2458067.626942 825.176665 5.681880
2458074.591028 825.179682 6.784911
2458074.607506 825.208381 8.711399
2458081.590155 825.151111 5.539099
2458081.606497 825.184970 6.490773
2458088.590368 825.237164 8.796461
2458088.606768 825.208621 4.571199
2458095.590613 825.336751 35.446674
2458095.607021 825.182558 6.660210
2458102.592004 824.364205 27.430405
2458102.608243 824.338337 26.217108
2458109.589416 825.226223 15.607381
2458109.605823 825.228936 5.639683
2458116.592094 825.160848 8.185335
2458116.608518 825.183324 4.091426
2458123.591535 825.034047 12.318241
2458123.607951 825.067810 5.730468
2458130.590249 825.017874 7.865820
2458130.606665 825.003802 4.093972
2458137.592123 824.270547 28.694798
2458137.608545 825.143306 5.643630
2458144.590710 825.063275 11.756847
2458144.607100 825.082130 5.289127
2458151.589665 824.941361 7.153347
2458151.606065 825.071619 5.102461
2458158.591840 825.023267 18.139005
2458158.608317 825.000228 6.218544
2458165.591272 824.883636 17.260576
2458165.607693 824.131044 26.756733
2458172.591967 824.080913 26.146463
2458172.608379 824.148537 26.837059
2458179.590389 824.044740 26.140956
2458179.606989 824.937784 6.826538
2458186.591309 824.775570 4.400647
2458186.607725 824.810606 14.466785
2458193.590760 823.799474 26.565914
2458193.607159 824.640755 6.559044
2458200.590285 824.613892 6.069883
2458200.606703 824.654162 17.086368
2458207.590614 824.622087 14.871914
2458207.607410 824.669611 8.082629
2458214.592035 824.507727 10.174937
2458214.608467 824.530828 5.165281
2458221.591719 824.427308 7.182662
2458221.608148 824.473817 4.619022
2458235.591597 824.350803 3.986382
2458235.608017 824.448906 9.702104
2458242.533719 824.377630 6.178118
2458242.537553 824.417508 7.089772
2458242.541391 825.352715 20.851430
2458242.546347 827.568155 51.668585
2458270.591967 824.272394 4.982035
2458270.608395 824.300058 4.933226
2458277.590890 824.202714 8.307543
2458277.607320 824.283108 7.764781
2458284.589867 823.511887 43.398274
2458284.606089 824.315547 21.072039
2458291.590907 824.047660 5.084184
2458291.607335 824.098410 4.931119
2458298.590047 824.084268 4.116729
2458298.606456 823.332598 26.027856
2458305.590552 824.221029 8.924185
2458305.606984 824.276831 12.185704
2458312.591276 824.118604 21.130319
2458312.607704 824.235295 21.024308
2458319.591584 824.163978 11.694819
2458319.608013 823.722479 15.705167
2458326.591721 824.099915 10.581468
2458326.608152 824.146865 7.803155
2458333.590272 824.036483 5.484478
2458333.606963 824.149461 24.825213
2458340.591222 824.030621 8.065735
2458340.607703 824.103802 7.696706
2458347.589907 823.961383 15.973262
2458347.606487 823.944939 8.101787
2458354.591743 823.919703 5.193806
2458354.608174 823.969297 11.688426
2458361.591736 823.031881 26.077443
2458361.608147 823.879846 6.311838
2458368.591996 823.826761 28.019522
2458368.608406 823.827602 9.501524
2458375.590558 823.973679 32.533779
2458375.606986 823.909995 11.173952
2458382.589818 824.030035 9.848628
2458382.606245 823.886716 4.154916
2458389.590191 824.102654 3.814801
2458389.606619 823.333220 26.505609
2458396.591349 823.960299 8.068595
2458396.607779 823.959435 7.320656
2458403.591216 824.074169 5.188864
2458403.607644 824.118626 4.655863
2458410.591666 824.051292 4.254214
2458410.608438 824.122074 5.828976
2458417.590895 824.177153 4.585712
2458417.607325 823.396518 30.967763
2458424.590327 824.230603 5.292425
2458424.606751 823.456959 27.835017
2458431.590495 824.183954 4.346832
2458431.606976 824.281265 6.414475
2458438.591662 824.149721 9.397173
2458438.608073 824.167705 18.622041
2458445.590607 824.330115 4.835274
2458445.607035 824.402032 18.015207
2458452.590267 824.341018 7.384191
2458452.606681 824.339116 5.320662
2458459.589035 824.300445 4.754093
2458459.605464 824.406895 5.199735
2458466.590857 824.224552 4.037987
2458466.607269 824.327331 5.289993
2458473.590378 824.305575 3.442091
2458473.606795 824.301824 4.871150
2458480.591328 824.221492 4.517914
2458480.607757 824.268662 9.031582
2458487.590558 824.098907 7.733177
2458487.606987 824.172385 18.352195
2458494.590167 824.052402 5.351166
2458494.606560 824.081917 4.181786
2458501.590373 823.963076 5.487235
2458501.606766 823.328017 45.126192
2458508.589860 824.007698 4.433220
2458508.606272 824.028946 6.752450
2458515.591629 823.904247 3.566589
2458515.608109 823.958376 4.452951
2458522.591162 823.869308 4.905537
2458522.607573 823.869275 4.574366
2458529.592048 823.809515 9.521604
2458529.608472 823.891317 12.050717
2458536.589905 823.753801 9.230587
2458536.606331 823.806814 5.306758
2458543.591967 823.730610 7.971327
2458543.608397 823.838027 29.818275
2458550.590591 823.724181 20.040231
2458550.607012 823.914930 43.121605
2458557.591667 823.674339 13.067423
2458557.608093 822.870049 26.536611
2458564.591908 823.536860 4.723848
2458564.608304 823.633588 13.157291
2458571.592092 823.750772 10.536601
2458571.608521 823.769382 17.024807
2458585.592114 823.580156 4.596266
2458585.608545 823.598350 8.628768
2458592.590392 823.518948 17.244800
2458592.606813 823.178536 30.663492
2458597.072999 823.465183 5.806820
2458597.077166 823.468580 4.569492
2458597.081333 824.615078 34.091952
2458597.086312 826.931544 65.328455
2458597.201593 823.508493 31.791365
2458627.591034 823.365569 35.443145
2458627.607457 823.309810 5.285457
2458634.590933 823.328871 5.774912
2458634.607342 823.347027 6.224168
2458641.592032 823.213768 6.383981
2458641.608461 823.327026 23.371479
2458648.591469 823.078753 4.145520
2458648.607898 823.112578 10.115930
2458655.590553 823.125693 4.336797
2458655.606985 823.147453 6.040700
2458662.591994 823.069517 5.078268
2458662.608425 823.084840 5.479983
2458669.591314 823.028485 6.131025
2458669.607728 822.319938 28.632581
2458676.590347 823.075733 5.634084
2458676.606751 823.065893 4.397996
2458683.589821 823.149322 6.168457
2458683.606248 823.146750 4.487486
2458690.592127 823.053911 7.035567
2458690.608536 823.061752 4.862609
2458697.592101 823.111114 13.764635
2458697.608584 822.285889 26.277806
2458704.591344 823.012570 5.903366
2458704.607772 823.093163 10.733957
2458712.590250 822.224869 26.495676
2458712.606725 823.085096 5.936599
2458718.591423 823.107291 5.615609
2458718.608114 822.556268 20.468703
2458725.589064 823.053783 5.502528
2458725.605491 823.104279 6.236652
2458739.592054 823.137420 4.846897
2458739.608483 823.133817 4.619933
2458746.588986 823.057860 6.331157
2458746.605415 819.916508 53.191730
2458753.591999 823.120983 4.415241
2458753.608425 823.126662 8.883731
2458760.589317 823.178971 7.155304
2458760.605740 823.234306 18.934019
2458767.591981 823.331407 18.973450
2458767.608443 823.330956 6.087604
2458774.591560 823.445436 35.961498
2458774.608039 823.351724 8.546626
2458781.591826 823.368923 31.395033
2458788.591336 823.316829 6.981752
2458788.607815 823.343054 7.408801
2458795.590987 823.015888 11.651247
2458795.607417 823.290562 5.611705
2458802.590820 823.360809 5.167901
2458802.607238 822.656855 43.693956
2458809.591095 823.374378 5.219438
2458809.607510 823.436760 12.185527
2458816.590508 823.394808 3.796644
2458816.606933 823.414456 4.943529
2458823.588865 823.352644 4.058276
2458823.605300 823.420760 20.013123
2458830.589731 823.321411 4.317763
2458830.606159 822.574557 29.849933
2458837.592040 823.306739 5.744951
2458837.608468 823.335083 5.577342
2458844.591641 823.416106 6.712232
2458844.608063 823.410677 5.077683
2458851.590236 823.298704 9.057126
2458851.606661 823.298663 12.611233
2458858.591985 823.268385 8.328231
2458858.607916 823.317819 4.508130
2458865.592085 823.203675 7.026736
2458865.608513 823.235940 6.816179
2458872.591581 823.126400 6.298105
2458872.608056 823.154911 3.861929
2458878.795999 822.991488 5.615544
2458878.800166 823.099693 8.716358
2458886.591071 823.063073 8.958250
2458886.607495 823.095663 11.524496
2458893.589181 823.055833 4.302424
2458893.605829 823.102881 4.903057
2458900.589639 823.057833 8.407165
2458900.606245 823.176574 13.006761
2458907.589550 822.975874 4.583726
2458907.605963 822.997455 4.173739
2458914.591485 822.922103 4.623200
2458914.607898 822.969718 5.238773
2458921.591744 823.038776 4.322449
2458921.608168 823.100822 16.521645
2458928.591845 822.971212 10.647695
2458928.608263 823.018304 4.618641
2458935.589918 822.797676 5.689853
2458935.606661 822.818282 4.674992
2458942.590013 822.228434 14.815809
2458942.606639 822.894527 9.726246
2458949.591271 822.911239 44.453696
2458949.607821 822.807823 7.147680
2458955.102888 822.683158 5.020747
2458955.106717 822.749726 19.265264
2458955.110582 823.700931 24.139648
2458955.115568 826.555482 100.350556
2458955.195577 823.114741 7.795482
2458977.590508 822.628367 3.567614
2458977.606934 822.683843 16.845795
2458984.590843 822.514660 4.645901
2458984.607271 821.778017 26.051556
2458991.588665 822.590272 6.890708
2458991.605092 822.607731 4.634532
2458998.590698 822.595880 15.795910
2458998.607110 822.580551 8.025078
2459005.590776 822.486139 4.208817
2459005.607195 822.503032 5.216112
2459019.592081 822.495367 30.028637
2459019.608511 822.387218 3.931285
2459026.594351 822.444827 5.489530
2459026.610581 822.443327 5.316962
2459033.591866 822.411267 14.435996
2459033.608266 822.460874 19.606389
2459040.591773 822.474140 6.735805
2459040.608183 822.517281 6.225858
2459047.591952 822.456932 12.403831
2459047.608466 822.466543 5.648111
2459054.589891 822.343060 7.499825
2459054.606334 821.525409 26.209140
2459061.591587 822.262295 5.837150
2459061.608013 822.299109 9.711501
2459068.591345 822.311159 4.988436
2459068.607772 822.335379 6.781311
2459075.590356 822.334971 11.392882
2459075.606763 822.326877 6.206209
2459082.592113 822.348140 14.461918
2459082.608338 822.359982 18.165601
2459089.591850 822.392207 4.297608
2459089.608244 822.463295 8.555644
2459096.589534 822.370475 4.530421
2459096.606292 822.416775 8.489052
2459103.589807 822.384230 6.981437
2459103.606234 822.417377 6.639245
2459110.591998 822.368729 5.307833
2459110.608431 822.390427 12.158942
2459124.591996 822.416430 15.678603
2459124.608428 822.476666 19.584173
2459131.591250 822.401127 4.648635
2459131.607682 822.478760 18.177673
2459138.607948 822.524461 8.659456
2459145.591101 822.376684 6.319282
2459145.607575 822.449624 10.972494
2459152.590927 822.415500 5.833582
2459152.607355 822.468097 15.373861
2459159.591584 822.419608 6.836473
2459159.608014 822.483839 8.170600
2459166.591086 822.462069 6.228026
2459166.607276 822.495786 5.507268
2459173.591271 822.399336 3.763086
2459173.607705 822.489171 6.748986
2459180.590567 822.453218 5.477912
2459180.606996 822.495330 7.475854
2459187.590946 822.442299 4.148536
2459187.607374 822.488803 6.252287
2459194.591302 822.438698 3.821838
2459194.607730 822.484970 9.300291
2459201.590649 822.495997 6.371663
2459201.607298 822.514851 21.039802
2459208.592023 822.531610 9.083492
2459208.608452 821.738063 26.465265
2459215.591956 822.449018 6.911114
2459215.608385 822.518051 22.576215
2459222.592037 822.679028 44.721322
2459222.608467 822.453699 8.379318
2459236.590348 822.435584 9.163087
2459236.606758 822.483937 4.259041
2459243.590573 822.329389 4.352315
2459243.606988 822.406259 16.951051
2459250.589447 821.487714 26.405071
2459250.605878 822.291744 6.933010
2459257.591718 822.259139 10.007279
2459257.607779 822.303197 8.557827
2459264.591721 822.206199 6.271714
2459264.608150 822.271677 10.256490
2459271.587830 822.240174 14.424876
2459271.604435 822.254957 13.697804
2459278.591426 822.191713 21.487004
2459278.607855 822.204415 4.350939
2459292.591807 822.090273 10.767225
2459292.608433 822.117789 6.422320
2459299.591261 822.033374 4.204058
2459299.607691 822.038961 4.323173
2459306.590242 822.069712 5.292991
2459306.606597 822.066077 6.159744
2459310.326498 821.946705 10.126797
2459310.330349 822.001788 20.767596
2459310.334170 822.973266 27.147112
2459310.339149 824.525706 71.440951
2459310.439677 822.406207 3.861090
2459327.590014 822.215940 5.133595
2459327.606627 822.297736 9.941373
2459341.590143 822.198414 24.826695
2459341.606578 822.175679 5.857270
2459348.591360 822.078197 6.430878
2459348.607795 822.172902 19.367100
2459355.590139 821.194286 26.853254
2459355.606576 822.033504 7.162216
2459359.589403 821.992973 11.649802
2459359.605842 822.041306 7.331968
2459362.591011 822.008677 4.474160
2459362.607611 822.040609 4.786649
2459369.590468 821.976635 10.118088
2459369.606905 821.949634 4.799326
2459376.592051 821.859776 14.185228
2459376.608488 821.904831 4.968740
2459383.589966 821.815486 4.777960
2459383.606387 821.931239 27.885810
2459390.590144 821.874465 4.873580
2459390.606577 821.901075 4.860076
2459397.590982 821.842770 5.478769
2459397.607418 821.932624 20.002468
2459404.591694 820.990425 26.388242
2459404.607939 821.768286 4.015897
2459411.591919 820.961591 26.012638
2459411.608397 821.836287 5.839486
2459418.590043 821.724596 8.563975
2459418.606448 821.713310 4.676139
2459425.590243 821.749577 18.890384
2459425.606664 821.004064 25.333374
2459431.590549 821.695958 5.680212
2459431.606983 821.714083 4.514187
2459439.605992 821.770413 10.765077
2459446.591989 821.737919 12.240580
2459446.608426 821.757972 10.377896
2459453.592033 821.745673 9.982944
2459453.608464 821.807648 4.535201
2459460.591592 821.703314 5.125953
2459460.608027 821.728050 6.092956
2459467.589812 821.713035 5.899887
2459467.606245 821.061587 25.079276
2459474.590232 821.751136 9.045953
2459474.606668 821.780924 9.287706
2459481.591945 821.771749 5.752730
2459481.608381 821.805197 8.527712
2459488.591109 821.817644 5.263605
2459488.607539 821.066372 26.964098
2459495.591623 821.824109 4.783246
2459495.608109 821.845251 6.121746
2459502.590605 821.743982 4.811998
2459502.607272 821.797616 5.782349
2459509.592102 821.861219 16.240093
2459509.608538 821.336769 18.617107
2459516.590887 822.547257 33.143960
2459516.607139 822.425858 19.798039
2459523.591751 821.852862 5.025771
2459523.608173 821.864763 4.935196
2459530.589100 822.032565 38.054477
2459530.605533 821.086429 28.371188
2459537.590891 821.946476 6.711065
2459537.607322 821.966783 13.229990
2459544.591705 821.887340 5.272929
2459544.608138 821.931031 7.456893
2459551.591663 821.864022 4.316368
2459551.608095 822.009622 31.857566
2459558.590628 821.794143 4.939469
2459558.607048 821.913732 24.653796
2459565.590034 821.887090 10.507219
2459565.606457 821.913657 4.980720
2459572.589775 821.066278 26.221532
2459572.606208 821.904962 7.192076
2459579.590715 821.872108 4.352604
2459579.607200 821.953018 7.686622
2459586.591830 821.911290 8.978791
2459586.608313 821.920506 13.395659
2459593.621198 821.890657 3.932169
2459593.636513 821.936975 5.664401
2459600.591948 821.868259 6.205406
2459600.608377 821.898080 5.952636
2459607.605922 821.752586 7.854130
2459614.590656 821.801781 4.454925
2459614.607276 821.821488 4.075209
2459621.590237 821.679483 4.072293
2459621.606671 821.732251 4.216990
2459628.590278 821.757832 18.087151
2459628.607066 821.744984 4.861013
2459642.590128 821.647222 6.340566
2459642.606560 821.662499 5.820120
2459649.589999 821.585331 3.471495
2459649.606414 821.613955 10.573869
2459656.590893 821.565045 9.874406
2459656.607329 821.571744 15.036541
2459663.591352 821.496269 19.467250
2459663.607789 820.725868 26.211206
2459670.151222 821.432226 5.123846
2459670.155170 821.445374 12.986630
2459670.158959 822.448873 18.760169
2459670.163866 824.981160 54.269614
2459670.273686 820.901940 26.011651
2459682.012052 820.945454 21.945257
2459682.015886 820.969026 11.432492
2459682.019745 821.989312 46.767038
2459682.024711 823.716565 49.544596
2459685.591076 821.391947 12.017023
2459685.607129 821.020365 16.289396
2459691.590885 821.413253 7.411168
2459691.607320 821.449081 4.388582
2459698.591364 821.347028 9.433752
2459698.607800 821.434938 22.394011
2459705.591064 821.261000 4.455775
2459712.591634 821.232738 6.017709
2459712.607946 821.277749 7.098527
2459719.591445 821.088453 5.608574
2459719.607859 821.176274 11.541908
2459726.590403 821.047472 7.749314
2459726.606820 821.086899 4.333305
2459740.588533 821.089866 3.975107
2459740.604954 820.318539 26.189188
2459747.589778 820.980548 3.614788
2459747.606215 821.026271 6.282939
2459754.590373 821.035551 32.228892
2459754.606793 820.972937 5.241750
2459761.591733 820.931771 5.211172
2459761.608198 820.946578 4.376292
2459768.591106 820.938177 12.097402
2459768.607529 820.993896 9.358868
2459775.590683 820.879161 4.203475
2459775.607239 820.938438 5.845247
2459782.589995 820.895171 4.221156
2459782.606415 820.929003 6.358384
2459789.591013 821.020265 4.471893
2459789.607598 821.038107 6.431859
2459796.590910 821.000440 8.065162
2459796.607346 821.002153 7.866792
2459803.591549 821.047732 4.167418
2459803.607969 821.089332 16.106944
2459810.592091 821.049152 3.496668
2459810.608522 821.026174 3.600386
2459817.589904 820.919918 5.535140
2459817.606474 820.973394 5.078080
2459825.591534 820.968278 3.534262
2459825.607958 821.034227 11.066718
2459838.590890 821.088439 5.058634
2459838.607319 821.137292 12.696359
2459845.588123 821.188335 6.015795
2459845.604604 821.205751 3.671778
2459852.590562 821.075816 4.550381
2459852.607043 821.078182 4.153320
2459859.591529 821.029576 6.864873
2459859.607942 821.042393 6.277327
2459866.589596 821.030708 4.105596
2459866.606210 821.072079 7.327017
2459873.590776 821.103803 12.285185
2459873.607541 821.143816 4.014327
2459880.590694 821.060917 4.385916
2459880.607362 821.078690 3.587142
2459887.591059 821.085717 3.516548
2459887.607491 821.157564 4.782291
2459894.590878 821.176188 5.134169
2459894.607305 821.223265 5.439438
2459901.590896 821.226410 12.598415
2459901.607327 821.265324 5.456496
2459908.590330 821.235209 5.972023
2459908.606468 821.263206 4.011459
2459915.590735 821.204073 5.864242
2459915.607156 821.226666 12.244894
2459922.590656 821.234221 3.644694
2459922.607234 821.276657 9.056600
2459929.589249 821.136464 6.445560
2459929.605672 821.206327 14.416356
2459936.589163 821.193350 5.113216
2459936.605738 821.258512 4.316240
2459943.590747 821.560203 64.920993
2459943.607204 821.231747 4.009024
