YEAR DAY  RAD_AU  SE_LAT  SE_LON
2018 250    0.94    -1.5   334.7
2018 251    0.94    -1.5   335.3
2018 252    0.93    -1.6   336.0
2018 253    0.93    -1.7   336.7
2018 254    0.92    -1.7   337.3
2018 255    0.92    -1.8   338.0
2018 256    0.91    -1.8   338.7
2018 257    0.90    -1.9   339.4
2018 258    0.90    -2.0   340.1
2018 259    0.89    -2.0   340.8
2018 260    0.88    -2.1   341.6
2018 261    0.87    -2.2   342.3
2018 262    0.87    -2.2   343.1
2018 263    0.86    -2.3   343.9
2018 264    0.85    -2.4   344.6
2018 265    0.84    -2.5   345.4
2018 266    0.83    -2.5   346.3
2018 267    0.82    -2.6   347.1
2018 268    0.81    -2.7   348.0
2018 269    0.81    -2.8   348.8
2018 270    0.80    -2.8   349.7
2018 271    0.79    -2.9   350.7
2018 272    0.78    -3.0   351.6
2018 273    0.76    -3.1   352.6
2018 274    0.75    -3.2   353.6
2018 275    0.74    -3.2   354.6
2018 276    0.73    -3.3   355.7
2018 277    0.72    -3.4   356.7
2018 278    0.71    -3.4   357.8
2018 279    0.70    -3.4   358.8
2018 280    0.68    -3.4   359.9
2018 281    0.67    -3.4     1.0
2018 282    0.66    -3.4     2.2
2018 283    0.65    -3.4     3.5
2018 284    0.63    -3.4     4.7
2018 285    0.62    -3.3     6.1
2018 286    0.60    -3.3     7.5
2018 287    0.59    -3.3     9.0
2018 288    0.57    -3.3    10.5
2018 289    0.56    -3.3    12.1
2018 290    0.54    -3.3    13.9
2018 291    0.52    -3.2    15.7
2018 292    0.51    -3.2    17.7
2018 293    0.49    -3.2    19.8
2018 294    0.47    -3.1    22.1
2018 295    0.45    -3.1    24.5
2018 296    0.43    -3.0    27.2
2018 297    0.41    -2.9    30.1
2018 298    0.39    -2.8    33.3
2018 299    0.37    -2.7    36.9
2018 300    0.35    -2.6    40.9
2018 301    0.33    -2.4    45.4
2018 302    0.31    -2.2    50.6
2018 303    0.28    -1.9    56.7
2018 304    0.26    -1.5    63.7
2018 305    0.24    -1.1    72.1
2018 306    0.22    -0.5    82.2
2018 307    0.20     0.2    94.3
2018 308    0.18     1.1   108.8
2018 309    0.17     1.9   125.7
2018 310    0.17     2.7   144.3
2018 311    0.17     3.2   163.2
2018 312    0.18     3.4   180.8
2018 313    0.19     3.2   196.0
2018 314    0.21     3.0   208.9
2018 315    0.23     2.6   219.5
2018 316    0.25     2.3   228.4
2018 317    0.28     1.9   235.8
2018 318    0.30     1.6   242.1
2018 319    0.32     1.3   247.5
2018 320    0.34     1.1   252.2
2018 321    0.37     0.8   256.3
2018 322    0.39     0.6   260.0
2018 323    0.41     0.4   263.3
2018 324    0.43     0.2   266.3
2018 325    0.45     0.1   269.1
2018 326    0.47    -0.1   271.6
2018 327    0.48    -0.2   273.9
2018 328    0.50    -0.3   276.0
2018 329    0.52    -0.4   278.0
2018 330    0.54    -0.5   279.9
2018 331    0.55    -0.7   281.7
2018 332    0.57    -0.7   283.3
2018 333    0.58    -0.8   284.9
2018 334    0.60    -0.9   286.4
2018 335    0.61    -1.0   287.8
2018 336    0.63    -1.1   289.1
2018 337    0.64    -1.1   290.4
2018 338    0.66    -1.2   291.7
2018 339    0.67    -1.3   292.9
2018 340    0.68    -1.3   294.0
2018 341    0.69    -1.4   295.1
2018 342    0.70    -1.5   296.2
2018 343    0.72    -1.5   297.2
2018 344    0.73    -1.6   298.2
2018 345    0.74    -1.6   299.2
2018 346    0.75    -1.7   300.2
2018 347    0.76    -1.7   301.1
2018 348    0.77    -1.8   302.0
2018 349    0.78    -1.8   302.8
2018 350    0.79    -1.8   303.7
2018 351    0.80    -1.9   304.5
2018 352    0.80    -1.9   305.4
2018 353    0.81    -2.0   306.2
2018 354    0.82    -2.0   306.9
2018 355    0.83    -2.0   307.7
2018 356    0.84    -2.1   308.5
2018 357    0.84    -2.1   309.2
2018 358    0.85    -2.1   309.9
2018 359    0.86    -2.2   310.7
2018 360    0.86    -2.2   311.4
2018 361    0.87    -2.2   312.1
2018 362    0.87    -2.3   312.7
2018 363    0.88    -2.3   313.4
2018 364    0.89    -2.3   314.1
2018 365    0.89    -2.3   314.8
2019   1    0.89    -2.4   315.4
2019   2    0.90    -2.4   316.1
2019   3    0.90    -2.4   316.7
2019   4    0.91    -2.5   317.4
2019   5    0.91    -2.5   318.0
2019   6    0.91    -2.5   318.6
2019   7    0.92    -2.5   319.2
2019   8    0.92    -2.6   319.9
2019   9    0.92    -2.6   320.5
2019  10    0.93    -2.6   321.1
2019  11    0.93    -2.6   321.7
2019  12    0.93    -2.6   322.3
2019  13    0.93    -2.7   322.9
2019  14    0.93    -2.7   323.5
2019  15    0.93    -2.7   324.1
2019  16    0.94    -2.7   324.7
2019  17    0.94    -2.7   325.3
2019  18    0.94    -2.8   325.9
2019  19    0.94    -2.8   326.5
2019  20    0.94    -2.8   327.1
2019  21    0.94    -2.8   327.7
2019  22    0.94    -2.8   328.3
2019  23    0.94    -2.9   328.9
2019  24    0.94    -2.9   329.5
2019  25    0.94    -2.9   330.1
2019  26    0.93    -2.9   330.7
2019  27    0.93    -2.9   331.3
2019  28    0.93    -3.0   331.9
2019  29    0.93    -3.0   332.5
2019  30    0.93    -3.0   333.1
2019  31    0.92    -3.0   333.7
2019  32    0.92    -3.0   334.3
2019  33    0.92    -3.0   334.9
2019  34    0.91    -3.0   335.6
2019  35    0.91    -3.1   336.2
2019  36    0.91    -3.1   336.8
2019  37    0.90    -3.1   337.5
2019  38    0.90    -3.1   338.1
2019  39    0.90    -3.1   338.8
2019  40    0.89    -3.1   339.4
2019  41    0.89    -3.2   340.1
2019  42    0.88    -3.2   340.8
2019  43    0.87    -3.2   341.4
2019  44    0.87    -3.2   342.1
2019  45    0.86    -3.2   342.8
2019  46    0.86    -3.2   343.5
2019  47    0.85    -3.2   344.2
2019  48    0.84    -3.2   345.0
2019  49    0.84    -3.3   345.7
2019  50    0.83    -3.3   346.5
2019  51    0.82    -3.3   347.2
2019  52    0.81    -3.3   348.0
2019  53    0.81    -3.3   348.8
2019  54    0.80    -3.3   349.6
2019  55    0.79    -3.3   350.5
2019  56    0.78    -3.3   351.3
2019  57    0.77    -3.3   352.2
2019  58    0.76    -3.3   353.1
2019  59    0.75    -3.3   354.0
2019  60    0.74    -3.3   355.0
2019  61    0.73    -3.4   355.9
2019  62    0.72    -3.4   356.9
2019  63    0.71    -3.4   358.0
2019  64    0.69    -3.4   359.0
2019  65    0.68    -3.4     0.1
2019  66    0.67    -3.4     1.3
2019  67    0.66    -3.4     2.5
2019  68    0.64    -3.4     3.7
2019  69    0.63    -3.4     5.0
2019  70    0.62    -3.3     6.4
2019  71    0.60    -3.3     7.8
2019  72    0.59    -3.3     9.3
2019  73    0.57    -3.3    10.8
2019  74    0.55    -3.3    12.5
2019  75    0.54    -3.3    14.3
2019  76    0.52    -3.2    16.1
2019  77    0.50    -3.2    18.1
2019  78    0.49    -3.2    20.2
2019  79    0.47    -3.1    22.5
2019  80    0.45    -3.1    25.0
2019  81    0.43    -3.0    27.8
2019  82    0.41    -2.9    30.7
2019  83    0.39    -2.8    34.0
2019  84    0.37    -2.7    37.7
2019  85    0.35    -2.5    41.8
2019  86    0.32    -2.3    46.4
2019  87    0.30    -2.1    51.8
2019  88    0.28    -1.8    58.0
2019  89    0.26    -1.4    65.3
2019  90    0.23    -1.0    74.0
2019  91    0.21    -0.4    84.4
2019  92    0.19     0.4    97.0
2019  93    0.18     1.2   112.0
2019  94    0.17     2.1   129.4
2019  95    0.17     2.8   148.2
2019  96    0.17     3.3   166.9
2019  97    0.18     3.4   184.0
2019  98    0.20     3.2   198.8
2019  99    0.22     2.9   211.2
2019 100    0.24     2.5   221.4
2019 101    0.26     2.2   230.0
2019 102    0.28     1.8   237.1
2019 103    0.30     1.5   243.2
2019 104    0.33     1.3   248.5
2019 105    0.35     1.0   253.1
2019 106    0.37     0.8   257.1
2019 107    0.39     0.6   260.7
2019 108    0.41     0.4   264.0
2019 109    0.43     0.2   266.9
2019 110    0.45     0.1   269.6
2019 111    0.47    -0.1   272.1
2019 112    0.49    -0.2   274.3
2019 113    0.51    -0.3   276.4
2019 114    0.52    -0.5   278.4
2019 115    0.54    -0.6   280.3
2019 116    0.56    -0.7   282.0
2019 117    0.57    -0.8   283.6
2019 118    0.59    -0.9   285.2
2019 119    0.60    -0.9   286.7
2019 120    0.62    -1.0   288.1
2019 121    0.63    -1.1   289.4
2019 122    0.64    -1.2   290.7
2019 123    0.66    -1.2   291.9
2019 124    0.67    -1.3   293.1
2019 125    0.68    -1.4   294.3
2019 126    0.70    -1.4   295.4
2019 127    0.71    -1.5   296.4
2019 128    0.72    -1.5   297.5
2019 129    0.73    -1.6   298.4
2019 130    0.74    -1.6   299.4
2019 131    0.75    -1.7   300.4
2019 132    0.76    -1.7   301.3
2019 133    0.77    -1.8   302.2
2019 134    0.78    -1.8   303.0
2019 135    0.79    -1.9   303.9
2019 136    0.80    -1.9   304.7
2019 137    0.81    -1.9   305.5
2019 138    0.81    -2.0   306.3
2019 139    0.82    -2.0   307.1
2019 140    0.83    -2.0   307.9
2019 141    0.84    -2.1   308.6
2019 142    0.84    -2.1   309.4
2019 143    0.85    -2.1   310.1
2019 144    0.86    -2.2   310.8
2019 145    0.86    -2.2   311.5
2019 146    0.87    -2.2   312.2
2019 147    0.88    -2.3   312.9
2019 148    0.88    -2.3   313.6
2019 149    0.89    -2.3   314.2
2019 150    0.89    -2.4   314.9
2019 151    0.90    -2.4   315.6
2019 152    0.90    -2.4   316.2
2019 153    0.90    -2.4   316.9
2019 154    0.91    -2.5   317.5
2019 155    0.91    -2.5   318.1
2019 156    0.92    -2.5   318.7
2019 157    0.92    -2.5   319.4
2019 158    0.92    -2.6   320.0
2019 159    0.92    -2.6   320.6
2019 160    0.93    -2.6   321.2
2019 161    0.93    -2.6   321.8
2019 162    0.93    -2.6   322.4
2019 163    0.93    -2.7   323.0
2019 164    0.93    -2.7   323.6
2019 165    0.94    -2.7   324.2
2019 166    0.94    -2.7   324.8
2019 167    0.94    -2.8   325.4
2019 168    0.94    -2.8   326.0
2019 169    0.94    -2.8   326.6
2019 170    0.94    -2.8   327.2
2019 171    0.94    -2.8   327.8
2019 172    0.94    -2.8   328.4
2019 173    0.94    -2.9   329.0
2019 174    0.94    -2.9   329.6
2019 175    0.93    -2.9   330.2
2019 176    0.93    -2.9   330.8
2019 177    0.93    -2.9   331.4
2019 178    0.93    -3.0   332.0
2019 179    0.93    -3.0   332.6
2019 180    0.93    -3.0   333.2
2019 181    0.92    -3.0   333.8
2019 182    0.92    -3.0   334.4
2019 183    0.92    -3.0   335.1
2019 184    0.91    -3.1   335.7
2019 185    0.91    -3.1   336.3
2019 186    0.91    -3.1   337.0
2019 187    0.90    -3.1   337.6
2019 188    0.90    -3.1   338.2
2019 189    0.89    -3.1   338.9
2019 190    0.89    -3.1   339.5
2019 191    0.88    -3.2   340.2
2019 192    0.88    -3.2   340.9
2019 193    0.87    -3.2   341.6
2019 194    0.87    -3.2   342.3
2019 195    0.86    -3.2   343.0
2019 196    0.86    -3.2   343.7
2019 197    0.85    -3.2   344.4
2019 198    0.84    -3.2   345.1
2019 199    0.84    -3.3   345.9
2019 200    0.83    -3.3   346.6
2019 201    0.82    -3.3   347.4
2019 202    0.81    -3.3   348.2
2019 203    0.80    -3.3   349.0
2019 204    0.80    -3.3   349.8
2019 205    0.79    -3.3   350.6
2019 206    0.78    -3.3   351.5
2019 207    0.77    -3.3   352.4
2019 208    0.76    -3.3   353.3
2019 209    0.75    -3.3   354.2
2019 210    0.74    -3.3   355.2
2019 211    0.73    -3.4   356.1
2019 212    0.72    -3.4   357.1
2019 213    0.70    -3.4   358.2
2019 214    0.69    -3.4   359.3
2019 215    0.68    -3.4     0.4
2019 216    0.67    -3.4     1.5
2019 217    0.65    -3.4     2.7
2019 218    0.64    -3.4     4.0
2019 219    0.63    -3.4     5.3
2019 220    0.61    -3.3     6.7
2019 221    0.60    -3.3     8.1
2019 222    0.58    -3.3     9.6
2019 223    0.57    -3.3    11.2
2019 224    0.55    -3.3    12.8
2019 225    0.54    -3.3    14.6
2019 226    0.52    -3.2    16.5
2019 227    0.50    -3.2    18.5
2019 228    0.48    -3.2    20.7
2019 229    0.46    -3.1    23.0
2019 230    0.45    -3.0    25.6
2019 231    0.43    -3.0    28.3
2019 232    0.41    -2.9    31.4
2019 233    0.38    -2.8    34.7
2019 234    0.36    -2.7    38.5
2019 235    0.34    -2.5    42.7
2019 236    0.32    -2.3    47.4
2019 237    0.30    -2.1    52.9
2019 238    0.27    -1.7    59.4
2019 239    0.25    -1.3    66.9
2019 240    0.23    -0.8    75.9
2019 241    0.21    -0.2    86.8
2019 242    0.19     0.5    99.8
2019 243    0.18     1.4   115.4
2019 244    0.17     2.3   133.1
2019 245    0.17     3.0   152.0
2019 246    0.17     3.3   170.5
2019 247    0.18     3.3   187.2
2019 248    0.20     3.1   201.5
2019 249    0.22     2.8   213.4
2019 250    0.24     2.5   223.3
2019 251    0.26     2.1   231.5
2019 252    0.29     1.8   238.4
2019 253    0.31     1.5   244.4
2019 254    0.33     1.2   249.5
2019 255    0.35     1.0   253.9
2019 256    0.37     0.7   257.9
2019 257    0.40     0.5   261.4
2019 258    0.42     0.3   264.6
2019 259    0.44     0.2   267.5
2019 260    0.45     0.0   270.1
2019 261    0.47    -0.1   272.5
2019 262    0.49    -0.3   274.8
2019 263    0.51    -0.4   276.9
2019 264    0.53    -0.5   278.8
2019 265    0.54    -0.6   280.6
2019 266    0.56    -0.7   282.3
2019 267    0.58    -0.8   284.0
2019 268    0.59    -0.9   285.5
2019 269    0.61    -1.0   287.0
2019 270    0.62    -1.0   288.4
2019 271    0.63    -1.1   289.7
2019 272    0.65    -1.2   291.0
2019 273    0.66    -1.2   292.2
2019 274    0.67    -1.3   293.4
2019 275    0.69    -1.4   294.5
2019 276    0.70    -1.4   295.6
2019 277    0.71    -1.5   296.6
2019 278    0.72    -1.5   297.7
2019 279    0.73    -1.6   298.6
2019 280    0.74    -1.6   299.6
2019 281    0.75    -1.7   300.5
2019 282    0.76    -1.7   301.5
2019 283    0.77    -1.8   302.3
2019 284    0.78    -1.8   303.2
2019 285    0.79    -1.9   304.1
2019 286    0.80    -1.9   304.9
2019 287    0.81    -1.9   305.7
2019 288    0.82    -2.0   306.5
2019 289    0.82    -2.0   307.3
2019 290    0.83    -2.0   308.0
2019 291    0.84    -2.1   308.8
2019 292    0.85    -2.1   309.5
2019 293    0.85    -2.2   310.2
2019 294    0.86    -2.2   310.9
2019 295    0.87    -2.2   311.7
2019 296    0.87    -2.2   312.3
2019 297    0.88    -2.3   313.0
2019 298    0.88    -2.3   313.7
2019 299    0.89    -2.3   314.4
2019 300    0.89    -2.4   315.0
2019 301    0.90    -2.4   315.7
2019 302    0.90    -2.4   316.3
2019 303    0.91    -2.4   317.0
2019 304    0.91    -2.5   317.6
2019 305    0.91    -2.5   318.2
2019 306    0.92    -2.5   318.9
2019 307    0.92    -2.5   319.5
2019 308    0.92    -2.6   320.1
2019 309    0.92    -2.6   320.7
2019 310    0.93    -2.6   321.3
2019 311    0.93    -2.6   321.9
2019 312    0.93    -2.7   322.6
2019 313    0.93    -2.7   323.2
2019 314    0.93    -2.7   323.8
2019 315    0.94    -2.7   324.4
2019 316    0.94    -2.7   325.0
2019 317    0.94    -2.8   325.5
2019 318    0.94    -2.8   326.1
2019 319    0.94    -2.8   326.7
2019 320    0.94    -2.8   327.3
2019 321    0.94    -2.8   327.9
2019 322    0.94    -2.9   328.5
2019 323    0.94    -2.9   329.1
2019 324    0.94    -2.9   329.7
2019 325    0.93    -2.9   330.3
2019 326    0.93    -2.9   330.9
2019 327    0.93    -2.9   331.5
2019 328    0.93    -3.0   332.1
2019 329    0.93    -3.0   332.7
2019 330    0.93    -3.0   333.3
2019 331    0.92    -3.0   334.0
2019 332    0.92    -3.0   334.6
2019 333    0.92    -3.0   335.2
2019 334    0.91    -3.1   335.8
2019 335    0.91    -3.1   336.4
2019 336    0.91    -3.1   337.1
2019 337    0.90    -3.1   337.7
2019 338    0.90    -3.1   338.4
2019 339    0.89    -3.1   339.0
2019 340    0.89    -3.1   339.7
2019 341    0.88    -3.2   340.3
2019 342    0.88    -3.2   341.0
2019 343    0.87    -3.2   341.7
2019 344    0.87    -3.2   342.4
2019 345    0.86    -3.2   343.1
2019 346    0.85    -3.2   343.8
2019 347    0.85    -3.2   344.5
2019 348    0.84    -3.2   345.3
2019 349    0.83    -3.3   346.0
2019 350    0.83    -3.3   346.8
2019 351    0.82    -3.3   347.6
2019 352    0.81    -3.3   348.3
2019 353    0.80    -3.3   349.1
2019 354    0.79    -3.3   350.0
2019 355    0.78    -3.3   350.8
2019 356    0.78    -3.3   351.7
2019 357    0.77    -3.3   352.6
2019 358    0.76    -3.3   353.5
2019 359    0.75    -3.3   354.4
2019 360    0.73    -3.3   355.4
2019 361    0.72    -3.3   356.3
2019 362    0.71    -3.3   357.2
2019 363    0.70    -3.3   358.1
2019 364    0.69    -3.3   359.1
2019 365    0.68    -3.3     0.1
2020   1    0.67    -3.3     1.1
2020   2    0.66    -3.3     2.2
2020   3    0.64    -3.3     3.3
2020   4    0.63    -3.2     4.5
2020   5    0.62    -3.2     5.7
2020   6    0.60    -3.2     6.9
2020   7    0.59    -3.2     8.3
2020   8    0.57    -3.1     9.6
2020   9    0.56    -3.1    11.1
2020  10    0.54    -3.1    12.7
2020  11    0.52    -3.0    14.3
2020  12    0.51    -3.0    16.1
2020  13    0.49    -2.9    18.0
2020  14    0.47    -2.8    20.0
2020  15    0.45    -2.8    22.2
2020  16    0.43    -2.7    24.7
2020  17    0.41    -2.6    27.3
2020  18    0.39    -2.5    30.3
2020  19    0.36    -2.3    33.6
2020  20    0.34    -2.2    37.4
2020  21    0.32    -2.0    41.7
2020  22    0.29    -1.7    46.8
2020  23    0.27    -1.4    52.8
2020  24    0.24    -1.0    60.2
2020  25    0.21    -0.4    69.4
2020  26    0.19     0.3    81.3
2020  27    0.16     1.2    96.9
2020  28    0.14     2.2   117.6
2020  29    0.13     3.1   143.2
2020  30    0.13     3.4   170.9
2020  31    0.14     3.0   195.7
2020  32    0.17     2.3   215.3
2020  33    0.19     1.5   230.1
2020  34    0.22     0.9   241.4
2020  35    0.24     0.4   250.2
2020  36    0.27    -0.0   257.3
2020  37    0.30    -0.4   263.1
2020  38    0.32    -0.6   268.0
2020  39    0.35    -0.9   272.2
2020  40    0.37    -1.1   275.9
2020  41    0.39    -1.3   279.1
2020  42    0.41    -1.4   282.0
2020  43    0.43    -1.6   284.7
2020  44    0.45    -1.7   287.0
2020  45    0.47    -1.8   289.2
2020  46    0.49    -1.9   291.2
2020  47    0.51    -2.0   293.1
2020  48    0.53    -2.1   294.8
2020  49    0.54    -2.2   296.4
2020  50    0.56    -2.2   298.0
2020  51    0.58    -2.3   299.4
2020  52    0.59    -2.4   300.8
2020  53    0.61    -2.4   302.1
2020  54    0.62    -2.5   303.4
2020  55    0.63    -2.5   304.5
2020  56    0.65    -2.6   305.7
2020  57    0.66    -2.6   306.8
2020  58    0.67    -2.6   307.8
2020  59    0.68    -2.7   308.9
2020  60    0.69    -2.7   309.9
2020  61    0.71    -2.7   310.8
2020  62    0.72    -2.8   311.7
2020  63    0.73    -2.8   312.6
2020  64    0.74    -2.8   313.5
2020  65    0.75    -2.9   314.4
2020  66    0.75    -2.9   315.2
2020  67    0.76    -2.9   316.0
2020  68    0.77    -2.9   316.8
2020  69    0.78    -3.0   317.6
2020  70    0.79    -3.0   318.4
2020  71    0.79    -3.0   319.1
2020  72    0.80    -3.0   319.8
2020  73    0.81    -3.0   320.6
2020  74    0.81    -3.1   321.3
2020  75    0.82    -3.1   322.0
2020  76    0.83    -3.1   322.7
2020  77    0.83    -3.1   323.4
2020  78    0.84    -3.1   324.0
2020  79    0.84    -3.1   324.7
2020  80    0.84    -3.2   325.4
2020  81    0.85    -3.2   326.0
2020  82    0.85    -3.2   326.7
2020  83    0.86    -3.2   327.3
2020  84    0.86    -3.2   328.0
2020  85    0.86    -3.2   328.6
2020  86    0.86    -3.2   329.2
2020  87    0.87    -3.2   329.8
2020  88    0.87    -3.3   330.5
2020  89    0.87    -3.3   331.1
2020  90    0.87    -3.3   331.7
2020  91    0.87    -3.3   332.3
2020  92    0.87    -3.3   332.9
2020  93    0.87    -3.3   333.5
2020  94    0.87    -3.3   334.2
2020  95    0.87    -3.3   334.8
2020  96    0.87    -3.3   335.4
2020  97    0.87    -3.3   336.0
2020  98    0.87    -3.3   336.6
2020  99    0.87    -3.3   337.2
2020 100    0.87    -3.4   337.8
2020 101    0.87    -3.4   338.5
2020 102    0.87    -3.4   339.1
2020 103    0.86    -3.4   339.7
2020 104    0.86    -3.4   340.4
2020 105    0.86    -3.4   341.0
2020 106    0.85    -3.4   341.6
2020 107    0.85    -3.4   342.3
2020 108    0.85    -3.4   342.9
2020 109    0.84    -3.4   343.6
2020 110    0.84    -3.4   344.2
2020 111    0.83    -3.4   344.9
2020 112    0.83    -3.4   345.6
2020 113    0.82    -3.4   346.3
2020 114    0.82    -3.4   347.0
2020 115    0.81    -3.4   347.7
2020 116    0.81    -3.4   348.4
2020 117    0.80    -3.4   349.1
2020 118    0.79    -3.4   349.9
2020 119    0.78    -3.4   350.6
2020 120    0.78    -3.4   351.4
2020 121    0.77    -3.4   352.2
2020 122    0.76    -3.4   353.0
2020 123    0.75    -3.4   353.8
2020 124    0.74    -3.4   354.6
2020 125    0.73    -3.4   355.5
2020 126    0.72    -3.3   356.4
2020 127    0.71    -3.3   357.3
2020 128    0.70    -3.3   358.2
2020 129    0.69    -3.3   359.2
2020 130    0.68    -3.3     0.2
2020 131    0.67    -3.3     1.2
2020 132    0.66    -3.3     2.3
2020 133    0.64    -3.3     3.4
2020 134    0.63    -3.2     4.5
2020 135    0.62    -3.2     5.7
2020 136    0.60    -3.2     7.0
2020 137    0.59    -3.2     8.3
2020 138    0.57    -3.1     9.7
2020 139    0.56    -3.1    11.2
2020 140    0.54    -3.1    12.7
2020 141    0.52    -3.0    14.4
2020 142    0.51    -3.0    16.2
2020 143    0.49    -2.9    18.1
2020 144    0.47    -2.8    20.1
2020 145    0.45    -2.8    22.4
2020 146    0.43    -2.7    24.8
2020 147    0.41    -2.6    27.5
2020 148    0.39    -2.5    30.4
2020 149    0.36    -2.3    33.8
2020 150    0.34    -2.2    37.6
2020 151    0.32    -2.0    41.9
2020 152    0.29    -1.7    47.0
2020 153    0.26    -1.4    53.2
2020 154    0.24    -1.0    60.6
2020 155    0.21    -0.4    70.0
2020 156    0.18     0.3    82.0
2020 157    0.16     1.2    97.9
2020 158    0.14     2.3   118.8
2020 159    0.13     3.1   144.7
2020 160    0.13     3.4   172.3
2020 161    0.15     2.9   196.9
2020 162    0.17     2.2   216.2
2020 163    0.19     1.5   230.8
2020 164    0.22     0.9   241.9
2020 165    0.25     0.4   250.6
2020 166    0.27    -0.0   257.6
2020 167    0.30    -0.4   263.4
2020 168    0.32    -0.7   268.3
2020 169    0.35    -0.9   272.4
2020 170    0.37    -1.1   276.1
2020 171    0.39    -1.3   279.3
2020 172    0.41    -1.4   282.2
2020 173    0.43    -1.6   284.8
2020 174    0.45    -1.7   287.1
2020 175    0.47    -1.8   289.3
2020 176    0.49    -1.9   291.3
2020 177    0.51    -2.0   293.2
2020 178    0.53    -2.1   294.9
2020 179    0.55    -2.2   296.5
2020 180    0.56    -2.2   298.1
2020 181    0.58    -2.3   299.5
2020 182    0.59    -2.4   300.9
2020 183    0.61    -2.4   302.2
2020 184    0.62    -2.5   303.4
2020 185    0.63    -2.5   304.6
2020 186    0.65    -2.6   305.8
2020 187    0.66    -2.6   306.8
2020 188    0.67    -2.6   307.9
2020 189    0.68    -2.7   308.9
2020 190    0.70    -2.7   309.9
2020 191    0.71    -2.7   310.9
2020 192    0.72    -2.8   311.8
2020 193    0.73    -2.8   312.7
2020 194    0.74    -2.8   313.5
2020 195    0.74    -2.9   314.2
2020 196    0.75    -2.9   314.9
2020 197    0.76    -2.9   315.6
2020 198    0.76    -2.9   316.4
2020 199    0.77    -2.9   317.0
2020 200    0.78    -3.0   317.7
2020 201    0.78    -3.0   318.4
2020 202    0.79    -3.0   319.1
2020 203    0.79    -3.0   319.7
2020 204    0.79    -3.0   320.4
2020 205    0.80    -3.0   321.0
2020 206    0.80    -3.1   321.6
2020 207    0.80    -3.1   322.3
2020 208    0.81    -3.1   322.9
2020 209    0.81    -3.1   323.5
2020 210    0.81    -3.1   324.1
2020 211    0.81    -3.1   324.7
2020 212    0.81    -3.2   325.4
2020 213    0.82    -3.2   326.0
2020 214    0.82    -3.2   326.6
2020 215    0.82    -3.2   327.2
2020 216    0.82    -3.2   327.8
2020 217    0.82    -3.2   328.4
2020 218    0.82    -3.2   329.0
2020 219    0.81    -3.2   329.6
2020 220    0.81    -3.2   330.2
2020 221    0.81    -3.3   330.9
2020 222    0.81    -3.3   331.5
2020 223    0.81    -3.3   332.1
2020 224    0.80    -3.3   332.7
2020 225    0.80    -3.3   333.4
2020 226    0.80    -3.3   334.0
2020 227    0.79    -3.3   334.6
2020 228    0.79    -3.3   335.3
2020 229    0.78    -3.3   336.0
2020 230    0.78    -3.3   336.6
2020 231    0.77    -3.3   337.3
2020 232    0.77    -3.3   338.0
2020 233    0.76    -3.4   338.7
2020 234    0.75    -3.4   339.4
2020 235    0.75    -3.4   340.1
2020 236    0.74    -3.4   340.9
2020 237    0.73    -3.4   341.6
2020 238    0.72    -3.4   342.4
2020 239    0.71    -3.4   343.2
2020 240    0.70    -3.4   344.0
2020 241    0.69    -3.4   344.8
2020 242    0.68    -3.4   345.7
2020 243    0.67    -3.4   346.6
2020 244    0.66    -3.4   347.5
2020 245    0.65    -3.4   348.4
2020 246    0.64    -3.4   349.4
2020 247    0.63    -3.4   350.4
2020 248    0.61    -3.4   351.5
2020 249    0.60    -3.4   352.6
2020 250    0.58    -3.4   353.7
2020 251    0.57    -3.3   354.9
2020 252    0.55    -3.3   356.2
2020 253    0.54    -3.3   357.6
2020 254    0.52    -3.3   359.1
2020 255    0.50    -3.3     0.6
2020 256    0.48    -3.3     2.3
2020 257    0.46    -3.2     4.1
2020 258    0.44    -3.2     6.0
2020 259    0.42    -3.1     8.2
2020 260    0.40    -3.1    10.6
2020 261    0.38    -3.0    13.3
2020 262    0.35    -2.9    16.3
2020 263    0.33    -2.8    19.8
2020 264    0.30    -2.7    23.9
2020 265    0.27    -2.5    28.8
2020 266    0.24    -2.3    34.9
2020 267    0.21    -1.9    42.8
2020 268    0.18    -1.3    53.4
2020 269    0.15    -0.5    68.8
2020 270    0.12     0.9    92.8
2020 271    0.10     2.7   130.0
2020 272    0.10     3.4   174.2
2020 273    0.12     2.5   208.3
2020 274    0.15     1.5   229.9
2020 275    0.19     0.7   244.0
2020 276    0.22     0.2   253.9
2020 277    0.25    -0.3   261.3
2020 278    0.28    -0.6   267.1
2020 279    0.31    -0.9   271.8
2020 280    0.33    -1.1   275.7
2020 281    0.36    -1.3   279.1
2020 282    0.38    -1.4   282.1
2020 283    0.41    -1.6   284.7
2020 284    0.43    -1.7   287.0
2020 285    0.45    -1.8   289.1
2020 286    0.47    -1.9   291.0
2020 287    0.49    -2.0   292.8
2020 288    0.51    -2.1   294.4
2020 289    0.52    -2.1   295.9
2020 290    0.54    -2.2   297.4
2020 291    0.56    -2.3   298.7
2020 292    0.57    -2.3   300.0
2020 293    0.59    -2.4   301.2
2020 294    0.60    -2.4   302.3
2020 295    0.62    -2.5   303.4
2020 296    0.63    -2.5   304.5
2020 297    0.64    -2.5   305.5
2020 298    0.65    -2.6   306.5
2020 299    0.66    -2.6   307.4
2020 300    0.68    -2.7   308.3
2020 301    0.69    -2.7   309.2
2020 302    0.70    -2.7   310.0
2020 303    0.71    -2.7   310.8
2020 304    0.72    -2.8   311.6
2020 305    0.72    -2.8   312.4
2020 306    0.73    -2.8   313.2
2020 307    0.74    -2.8   313.9
2020 308    0.75    -2.9   314.7
2020 309    0.75    -2.9   315.4
2020 310    0.76    -2.9   316.1
2020 311    0.77    -2.9   316.8
2020 312    0.77    -3.0   317.5
2020 313    0.78    -3.0   318.2
2020 314    0.78    -3.0   318.8
2020 315    0.79    -3.0   319.5
2020 316    0.79    -3.0   320.1
2020 317    0.80    -3.0   320.8
2020 318    0.80    -3.1   321.4
2020 319    0.80    -3.1   322.0
2020 320    0.81    -3.1   322.7
2020 321    0.81    -3.1   323.3
2020 322    0.81    -3.1   323.9
2020 323    0.81    -3.1   324.5
2020 324    0.81    -3.1   325.1
2020 325    0.82    -3.2   325.8
2020 326    0.82    -3.2   326.4
2020 327    0.82    -3.2   327.0
2020 328    0.82    -3.2   327.6
2020 329    0.82    -3.2   328.2
2020 330    0.82    -3.2   328.8
2020 331    0.81    -3.2   329.4
2020 332    0.81    -3.2   330.0
2020 333    0.81    -3.3   330.6
2020 334    0.81    -3.3   331.3
2020 335    0.81    -3.3   331.9
2020 336    0.80    -3.3   332.5
2020 337    0.80    -3.3   333.1
2020 338    0.80    -3.3   333.8
2020 339    0.79    -3.3   334.4
2020 340    0.79    -3.3   335.1
2020 341    0.78    -3.3   335.7
2020 342    0.78    -3.3   336.4
2020 343    0.77    -3.3   337.1
2020 344    0.77    -3.3   337.8
2020 345    0.76    -3.3   338.4
2020 346    0.76    -3.4   339.2
2020 347    0.75    -3.4   339.9
2020 348    0.74    -3.4   340.6
2020 349    0.73    -3.4   341.3
2020 350    0.73    -3.4   342.1
2020 351    0.72    -3.4   342.9
2020 352    0.71    -3.4   343.7
2020 353    0.70    -3.4   344.5
2020 354    0.69    -3.4   345.4
2020 355    0.68    -3.4   346.2
2020 356    0.67    -3.4   347.1
2020 357    0.65    -3.4   348.1
2020 358    0.64    -3.4   349.0
2020 359    0.63    -3.4   350.0
2020 360    0.62    -3.4   351.1
2020 361    0.60    -3.4   352.2
2020 362    0.59    -3.4   353.3
2020 363    0.57    -3.4   354.5
2020 364    0.56    -3.3   355.8
2020 365    0.54    -3.3   357.1
2020 366    0.53    -3.3   358.5
2021   1    0.51    -3.3     0.1
2021   2    0.49    -3.3     1.7
2021   3    0.47    -3.2     3.4
2021   4    0.45    -3.2     5.3
2021   5    0.43    -3.2     7.4
2021   6    0.41    -3.1     9.7
2021   7    0.39    -3.1    12.3
2021   8    0.36    -3.0    15.2
2021   9    0.34    -2.9    18.5
2021  10    0.31    -2.8    22.4
2021  11    0.28    -2.6    27.0
2021  12    0.25    -2.4    32.6
2021  13    0.22    -2.0    39.8
2021  14    0.19    -1.6    49.3
2021  15    0.16    -0.8    62.7
2021  16    0.13     0.4    83.2
2021  17    0.10     2.1   115.5
2021  18    0.10     3.4   159.2
2021  19    0.11     2.9   198.1
2021  20    0.14     1.9   223.5
2021  21    0.18     1.0   239.7
2021  22    0.21     0.3   250.8
2021  23    0.24    -0.1   259.0
2021  24    0.27    -0.5   265.2
2021  25    0.30    -0.8   270.3
2021  26    0.33    -1.0   274.5
2021  27    0.35    -1.2   278.0
2021  28    0.38    -1.4   281.1
2021  29    0.40    -1.5   283.8
2021  30    0.42    -1.7   286.2
2021  31    0.44    -1.8   288.4
2021  32    0.46    -1.9   290.4
2021  33    0.48    -2.0   292.2
2021  34    0.50    -2.0   293.9
2021  35    0.52    -2.1   295.4
2021  36    0.54    -2.2   296.9
2021  37    0.55    -2.2   298.3
2021  38    0.57    -2.3   299.6
2021  39    0.58    -2.4   300.8
2021  40    0.60    -2.4   302.0
2021  41    0.61    -2.4   303.1
2021  42    0.62    -2.5   304.1
2021  43    0.64    -2.5   305.2
2021  44    0.65    -2.6   306.1
2021  45    0.66    -2.6   307.1
2021  46    0.67    -2.6   308.0
2021  47    0.68    -2.7   308.9
2021  48    0.69    -2.7   309.7
2021  49    0.70    -2.7   310.6
2021  50    0.71    -2.8   311.4
2021  51    0.72    -2.8   312.2
2021  52    0.73    -2.8   312.9
2021  53    0.74    -2.8   313.6
2021  54    0.74    -2.9   314.3
2021  55    0.75    -2.9   314.9
2021  56    0.75    -2.9   315.6
2021  57    0.76    -2.9   316.2
2021  58    0.76    -2.9   316.8
2021  59    0.77    -3.0   317.5
2021  60    0.77    -3.0   318.1
2021  61    0.77    -3.0   318.7
2021  62    0.77    -3.0   319.3
2021  63    0.78    -3.0   319.9
2021  64    0.78    -3.0   320.5
2021  65    0.78    -3.1   321.1
2021  66    0.78    -3.1   321.7
2021  67    0.78    -3.1   322.3
2021  68    0.78    -3.1   322.9
2021  69    0.78    -3.1   323.5
2021  70    0.78    -3.1   324.1
2021  71    0.78    -3.1   324.7
2021  72    0.78    -3.2   325.3
2021  73    0.78    -3.2   325.9
2021  74    0.78    -3.2   326.5
2021  75    0.77    -3.2   327.1
2021  76    0.77    -3.2   327.7
2021  77    0.77    -3.2   328.3
2021  78    0.76    -3.2   328.9
2021  79    0.76    -3.2   329.5
2021  80    0.75    -3.2   330.2
2021  81    0.75    -3.3   330.8
2021  82    0.74    -3.3   331.5
2021  83    0.74    -3.3   332.1
2021  84    0.73    -3.3   332.8
2021  85    0.72    -3.3   333.5
2021  86    0.72    -3.3   334.2
2021  87    0.71    -3.3   334.9
2021  88    0.70    -3.3   335.6
2021  89    0.69    -3.3   336.4
2021  90    0.68    -3.3   337.2
2021  91    0.67    -3.4   337.9
2021  92    0.66    -3.4   338.8
2021  93    0.65    -3.4   339.6
2021  94    0.64    -3.4   340.5
2021  95    0.63    -3.4   341.4
2021  96    0.62    -3.4   342.3
2021  97    0.60    -3.4   343.3
2021  98    0.59    -3.4   344.3
2021  99    0.58    -3.4   345.4
2021 100    0.56    -3.4   346.5
2021 101    0.55    -3.4   347.7
2021 102    0.53    -3.4   348.9
2021 103    0.51    -3.4   350.3
2021 104    0.49    -3.4   351.7
2021 105    0.47    -3.4   353.3
2021 106    0.45    -3.4   355.0
2021 107    0.43    -3.3   356.8
2021 108    0.41    -3.3   358.8
2021 109    0.39    -3.3     1.1
2021 110    0.36    -3.3     3.7
2021 111    0.34    -3.2     6.6
2021 112    0.31    -3.1    10.1
2021 113    0.28    -3.0    14.3
2021 114    0.25    -2.9    19.4
2021 115    0.22    -2.6    26.1
2021 116    0.18    -2.3    35.3
2021 117    0.14    -1.6    49.2
2021 118    0.11    -0.2    73.2
2021 119    0.08     2.3   119.5
2021 120    0.08     3.3   181.8
2021 121    0.12     2.0   220.8
2021 122    0.15     0.9   241.2
2021 123    0.19     0.2   253.5
2021 124    0.23    -0.3   261.9
2021 125    0.26    -0.7   268.1
2021 126    0.29    -0.9   272.9
2021 127    0.32    -1.2   276.9
2021 128    0.34    -1.3   280.2
2021 129    0.37    -1.5   283.0
2021 130    0.39    -1.6   285.5
2021 131    0.42    -1.7   287.7
2021 132    0.44    -1.8   289.7
2021 133    0.46    -1.9   291.5
2021 134    0.48    -2.0   293.1
2021 135    0.50    -2.1   294.6
2021 136    0.52    -2.1   296.1
2021 137    0.53    -2.2   297.4
2021 138    0.55    -2.3   298.6
2021 139    0.56    -2.3   299.8
2021 140    0.58    -2.4   300.9
2021 141    0.59    -2.4   301.9
2021 142    0.61    -2.4   302.9
2021 143    0.62    -2.5   303.9
2021 144    0.63    -2.5   304.8
2021 145    0.64    -2.5   305.7
2021 146    0.66    -2.6   306.6
2021 147    0.67    -2.6   307.4
2021 148    0.68    -2.6   308.2
2021 149    0.69    -2.7   309.0
2021 150    0.69    -2.7   309.8
2021 151    0.70    -2.7   310.5
2021 152    0.71    -2.8   311.2
2021 153    0.72    -2.8   311.9
2021 154    0.73    -2.8   312.6
2021 155    0.73    -2.8   313.3
2021 156    0.74    -2.8   314.0
2021 157    0.75    -2.9   314.6
2021 158    0.75    -2.9   315.3
2021 159    0.76    -2.9   315.9
2021 160    0.76    -2.9   316.6
2021 161    0.76    -2.9   317.2
2021 162    0.77    -3.0   317.8
2021 163    0.77    -3.0   318.4
2021 164    0.77    -3.0   319.0
2021 165    0.78    -3.0   319.6
2021 166    0.78    -3.0   320.2
2021 167    0.78    -3.0   320.8
2021 168    0.78    -3.1   321.4
2021 169    0.78    -3.1   322.0
2021 170    0.78    -3.1   322.6
2021 171    0.78    -3.1   323.2
2021 172    0.78    -3.1   323.8
2021 173    0.78    -3.1   324.4
2021 174    0.78    -3.1   325.0
2021 175    0.78    -3.2   325.6
2021 176    0.78    -3.2   326.2
2021 177    0.77    -3.2   326.8
2021 178    0.77    -3.2   327.4
2021 179    0.77    -3.2   328.0
2021 180    0.76    -3.2   328.6
2021 181    0.76    -3.2   329.3
2021 182    0.76    -3.2   329.9
2021 183    0.75    -3.3   330.5
2021 184    0.75    -3.3   331.2
2021 185    0.74    -3.3   331.9
2021 186    0.73    -3.3   332.5
2021 187    0.73    -3.3   333.2
2021 188    0.72    -3.3   333.9
2021 189    0.71    -3.3   334.6
2021 190    0.70    -3.3   335.3
2021 191    0.70    -3.3   336.1
2021 192    0.69    -3.3   336.8
2021 193    0.68    -3.3   337.6
2021 194    0.67    -3.4   338.4
2021 195    0.66    -3.4   339.2
2021 196    0.65    -3.4   340.1
2021 197    0.63    -3.4   341.0
2021 198    0.62    -3.4   341.9
2021 199    0.61    -3.4   342.9
2021 200    0.60    -3.4   343.9
2021 201    0.58    -3.4   344.9
2021 202    0.57    -3.4   346.0
2021 203    0.55    -3.4   347.2
2021 204    0.54    -3.4   348.4
2021 205    0.52    -3.4   349.7
2021 206    0.50    -3.4   351.1
2021 207    0.48    -3.4   352.6
2021 208    0.46    -3.4   354.2
2021 209    0.44    -3.4   356.0
2021 210    0.42    -3.3   357.9
2021 211    0.40    -3.3     0.1
2021 212    0.37    -3.3     2.5
2021 213    0.35    -3.2     5.3
2021 214    0.32    -3.2     8.5
2021 215    0.29    -3.1    12.4
2021 216    0.26    -2.9    17.0
2021 217    0.23    -2.8    23.0
2021 218    0.20    -2.4    30.9
2021 219    0.16    -1.9    42.4
2021 220    0.12    -0.9    61.0
2021 221    0.09     1.1    95.8
2021 222    0.08     3.3   156.1
2021 223    0.10     2.6   207.1
2021 224    0.14     1.3   233.8
2021 225    0.18     0.5   248.9
2021 226    0.21    -0.1   258.6
2021 227    0.24    -0.5   265.6
2021 228    0.28    -0.8   271.0
2021 229    0.31    -1.1   275.3
2021 230    0.33    -1.3   278.8
2021 231    0.36    -1.4   281.8
2021 232    0.38    -1.6   284.5
2021 233    0.41    -1.7   286.8
2021 234    0.43    -1.8   288.8
2021 235    0.45    -1.9   290.7
2021 236    0.47    -2.0   292.4
2021 237    0.49    -2.0   294.0
2021 238    0.51    -2.1   295.5
2021 239    0.53    -2.2   296.8
2021 240    0.54    -2.2   298.1
2021 241    0.56    -2.3   299.3
2021 242    0.57    -2.3   300.4
2021 243    0.59    -2.4   301.5
2021 244    0.60    -2.4   302.5
2021 245    0.61    -2.5   303.5
2021 246    0.63    -2.5   304.4
2021 247    0.64    -2.5   305.3
2021 248    0.65    -2.6   306.2
2021 249    0.66    -2.6   307.1
2021 250    0.67    -2.6   307.9
2021 251    0.68    -2.7   308.7
2021 252    0.69    -2.7   309.4
2021 253    0.70    -2.7   310.2
2021 254    0.71    -2.7   310.9
2021 255    0.72    -2.8   311.6
2021 256    0.72    -2.8   312.3
2021 257    0.73    -2.8   313.0
2021 258    0.74    -2.8   313.7
2021 259    0.74    -2.9   314.4
2021 260    0.75    -2.9   315.0
2021 261    0.75    -2.9   315.7
2021 262    0.76    -2.9   316.3
2021 263    0.76    -2.9   316.9
2021 264    0.77    -3.0   317.5
2021 265    0.77    -3.0   318.2
2021 266    0.77    -3.0   318.8
2021 267    0.78    -3.0   319.4
2021 268    0.78    -3.0   320.0
2021 269    0.78    -3.0   320.6
2021 270    0.78    -3.1   321.2
2021 271    0.78    -3.1   321.8
2021 272    0.78    -3.1   322.4
2021 273    0.78    -3.1   323.0
2021 274    0.78    -3.1   323.6
2021 275    0.78    -3.1   324.2
2021 276    0.78    -3.1   324.7
2021 277    0.78    -3.2   325.3
2021 278    0.78    -3.2   325.9
2021 279    0.78    -3.2   326.5
2021 280    0.77    -3.2   327.2
2021 281    0.77    -3.2   327.8
2021 282    0.77    -3.2   328.4
2021 283    0.76    -3.2   329.0
2021 284    0.76    -3.2   329.6
2021 285    0.75    -3.2   330.3
2021 286    0.75    -3.3   330.9
2021 287    0.74    -3.3   331.6
2021 288    0.74    -3.3   332.2
2021 289    0.73    -3.3   332.9
2021 290    0.72    -3.3   333.6
2021 291    0.72    -3.3   334.2
2021 292    0.71    -3.3   334.8
2021 293    0.71    -3.3   335.5
2021 294    0.70    -3.3   336.2
2021 295    0.69    -3.3   336.9
2021 296    0.68    -3.3   337.6
2021 297    0.67    -3.4   338.3
2021 298    0.66    -3.4   339.1
2021 299    0.65    -3.4   339.8
2021 300    0.64    -3.4   340.6
2021 301    0.63    -3.4   341.5
2021 302    0.62    -3.4   342.3
2021 303    0.61    -3.4   343.2
2021 304    0.59    -3.4   344.1
2021 305    0.58    -3.4   345.1
2021 306    0.56    -3.4   346.1
2021 307    0.55    -3.4   347.2
2021 308    0.53    -3.4   348.3
2021 309    0.52    -3.4   349.5
2021 310    0.50    -3.4   350.8
2021 311    0.48    -3.4   352.2
2021 312    0.46    -3.4   353.7
2021 313    0.44    -3.4   355.4
2021 314    0.42    -3.3   357.2
2021 315    0.39    -3.3   359.2
2021 316    0.37    -3.3     1.5
2021 317    0.34    -3.2     4.1
2021 318    0.32    -3.2     7.2
2021 319    0.29    -3.1    10.8
2021 320    0.26    -3.0    15.3
2021 321    0.22    -2.8    21.2
2021 322    0.18    -2.5    29.3
2021 323    0.14    -1.9    41.7
2021 324    0.10    -0.7    64.3
2021 325    0.07     2.2   116.4
2021 326    0.07     3.0   196.0
2021 327    0.11     1.2   236.1
2021 328    0.16     0.1   254.6
2021 329    0.20    -0.5   265.4
2021 330    0.23    -0.9   272.7
2021 331    0.27    -1.2   278.0
2021 332    0.30    -1.5   282.3
2021 333    0.33    -1.6   285.7
2021 334    0.35    -1.8   288.6
2021 335    0.38    -1.9   291.1
2021 336    0.40    -2.0   293.3
2021 337    0.42    -2.1   295.2
2021 338    0.45    -2.2   297.0
2021 339    0.47    -2.3   298.6
2021 340    0.49    -2.3   300.1
2021 341    0.50    -2.4   301.4
2021 342    0.52    -2.4   302.7
2021 343    0.54    -2.5   303.9
2021 344    0.55    -2.5   305.0
2021 345    0.57    -2.6   306.1
2021 346    0.58    -2.6   307.1
2021 347    0.60    -2.6   308.0
2021 348    0.61    -2.7   308.9
2021 349    0.62    -2.7   309.8
2021 350    0.63    -2.7   310.7
2021 351    0.65    -2.8   311.5
2021 352    0.66    -2.8   312.3
2021 353    0.67    -2.8   313.0
2021 354    0.67    -2.8   313.8
2021 355    0.68    -2.9   314.5
2021 356    0.69    -2.9   315.2
2021 357    0.70    -2.9   315.9
2021 358    0.71    -2.9   316.6
2021 359    0.71    -2.9   317.2
2021 360    0.72    -3.0   317.9
2021 361    0.73    -3.0   318.5
2021 362    0.73    -3.0   319.1
2021 363    0.74    -3.0   319.7
2021 364    0.74    -3.0   320.4
2021 365    0.74    -3.1   321.0
2022   1    0.75    -3.1   321.6
2022   2    0.75    -3.1   322.2
2022   3    0.75    -3.1   322.8
2022   4    0.76    -3.1   323.3
2022   5    0.76    -3.1   323.9
2022   6    0.76    -3.1   324.5
2022   7    0.76    -3.2   325.1
2022   8    0.76    -3.2   325.7
2022   9    0.76    -3.2   326.2
2022  10    0.76    -3.2   326.8
2022  11    0.76    -3.2   327.4
2022  12    0.76    -3.2   328.0
2022  13    0.76    -3.2   328.6
2022  14    0.75    -3.2   329.1
2022  15    0.75    -3.2   329.7
2022  16    0.75    -3.3   330.3
2022  17    0.74    -3.3   330.9
2022  18    0.74    -3.3   331.5
2022  19    0.74    -3.3   332.1
2022  20    0.73    -3.3   332.8
2022  21    0.73    -3.3   333.4
2022  22    0.72    -3.3   334.0
2022  23    0.71    -3.3   334.7
2022  24    0.71    -3.3   335.3
2022  25    0.70    -3.3   336.0
2022  26    0.69    -3.3   336.7
2022  27    0.68    -3.3   337.4
2022  28    0.67    -3.4   338.1
2022  29    0.67    -3.4   338.9
2022  30    0.66    -3.4   339.6
2022  31    0.65    -3.4   340.4
2022  32    0.63    -3.4   341.2
2022  33    0.62    -3.4   342.1
2022  34    0.61    -3.4   343.0
2022  35    0.60    -3.4   343.9
2022  36    0.58    -3.4   344.8
2022  37    0.57    -3.4   345.8
2022  38    0.55    -3.4   346.9
2022  39    0.54    -3.4   348.0
2022  40    0.52    -3.4   349.2
2022  41    0.50    -3.4   350.5
2022  42    0.49    -3.4   351.8
2022  43    0.47    -3.4   353.3
2022  44    0.45    -3.4   354.9
2022  45    0.42    -3.3   356.7
2022  46    0.40    -3.3   358.6
2022  47    0.38    -3.3     0.8
2022  48    0.35    -3.3     3.3
2022  49    0.33    -3.2     6.2
2022  50    0.30    -3.1     9.7
2022  51    0.27    -3.0    13.9
2022  52    0.23    -2.9    19.3
2022  53    0.20    -2.6    26.6
2022  54    0.16    -2.2    37.3
2022  55    0.11    -1.2    55.8
2022  56    0.07     1.1    95.8
2022  57    0.07     3.4   175.3
2022  58    0.10     1.7   227.6
2022  59    0.14     0.4   250.2
2022  60    0.18    -0.3   262.6
2022  61    0.22    -0.8   270.7
2022  62    0.26    -1.1   276.6
2022  63    0.29    -1.4   281.1
2022  64    0.32    -1.6   284.8
2022  65    0.34    -1.7   287.8
2022  66    0.37    -1.9   290.4
2022  67    0.39    -2.0   292.7
2022  68    0.42    -2.1   294.7
2022  69    0.44    -2.2   296.5
2022  70    0.46    -2.2   298.2
2022  71    0.48    -2.3   299.7
2022  72    0.50    -2.4   301.1
2022  73    0.52    -2.4   302.3
2022  74    0.53    -2.5   303.6
2022  75    0.55    -2.5   304.7
2022  76    0.56    -2.6   305.8
2022  77    0.58    -2.6   306.8
2022  78    0.59    -2.6   307.8
2022  79    0.61    -2.7   308.7
2022  80    0.62    -2.7   309.6
2022  81    0.63    -2.7   310.4
2022  82    0.64    -2.8   311.2
2022  83    0.65    -2.8   312.0
2022  84    0.66    -2.8   312.8
2022  85    0.67    -2.8   313.6
2022  86    0.68    -2.9   314.3
2022  87    0.69    -2.9   315.0
2022  88    0.70    -2.9   315.7
2022  89    0.70    -2.9   316.4
2022  90    0.71    -2.9   317.0
2022  91    0.72    -3.0   317.7
2022  92    0.72    -3.0   318.3
2022  93    0.73    -3.0   319.0
2022  94    0.73    -3.0   319.6
2022  95    0.74    -3.0   320.2
2022  96    0.74    -3.0   320.8
2022  97    0.75    -3.1   321.4
2022  98    0.75    -3.1   322.0
2022  99    0.75    -3.1   322.6
2022 100    0.76    -3.1   323.2
2022 101    0.76    -3.1   323.8
2022 102    0.76    -3.1   324.3
2022 103    0.76    -3.1   324.9
2022 104    0.76    -3.2   325.5
2022 105    0.76    -3.2   326.1
2022 106    0.76    -3.2   326.6
2022 107    0.76    -3.2   327.2
2022 108    0.76    -3.2   327.8
2022 109    0.76    -3.2   328.4
2022 110    0.75    -3.2   329.0
2022 111    0.75    -3.2   329.5
2022 112    0.75    -3.2   330.1
2022 113    0.75    -3.3   330.7
2022 114    0.74    -3.3   331.3
2022 115    0.74    -3.3   331.9
2022 116    0.73    -3.3   332.6
2022 117    0.73    -3.3   333.2
2022 118    0.72    -3.3   333.8
2022 119    0.72    -3.3   334.5
2022 120    0.71    -3.3   335.1
2022 121    0.70    -3.3   335.8
2022 122    0.69    -3.3   336.5
2022 123    0.69    -3.3   337.2
2022 124    0.68    -3.3   337.9
2022 125    0.67    -3.4   338.6
2022 126    0.66    -3.4   339.4
2022 127    0.65    -3.4   340.2
2022 128    0.64    -3.4   341.0
2022 129    0.63    -3.4   341.8
2022 130    0.61    -3.4   342.7
2022 131    0.60    -3.4   343.6
2022 132    0.59    -3.4   344.5
2022 133    0.57    -3.4   345.5
2022 134    0.56    -3.4   346.6
2022 135    0.54    -3.4   347.7
2022 136    0.53    -3.4   348.8
2022 137    0.51    -3.4   350.1
2022 138    0.49    -3.4   351.4
2022 139    0.47    -3.4   352.8
2022 140    0.45    -3.4   354.4
2022 141    0.43    -3.3   356.1
2022 142    0.41    -3.3   358.0
2022 143    0.39    -3.3     0.1
2022 144    0.36    -3.3     2.5
2022 145    0.33    -3.2     5.3
2022 146    0.31    -3.1     8.6
2022 147    0.28    -3.1    12.5
2022 148    0.24    -2.9    17.5
2022 149    0.21    -2.7    24.1
2022 150    0.17    -2.3    33.6
2022 151    0.13    -1.6    49.0
2022 152    0.09     0.2    79.8
2022 153    0.06     3.2   150.1
2022 154    0.09     2.2   216.4
2022 155    0.13     0.7   244.9
2022 156    0.17    -0.2   259.5
2022 157    0.21    -0.7   268.6
2022 158    0.25    -1.1   275.0
2022 159    0.28    -1.3   279.9
2022 160    0.31    -1.5   283.7
2022 161    0.34    -1.7   286.9
2022 162    0.36    -1.8   289.7
2022 163    0.39    -2.0   292.0
2022 164    0.41    -2.1   294.1
2022 165    0.43    -2.1   296.0
2022 166    0.45    -2.2   297.7
2022 167    0.47    -2.3   299.2
2022 168    0.49    -2.4   300.6
2022 169    0.51    -2.4   302.0
2022 170    0.53    -2.5   303.2
2022 171    0.54    -2.5   304.4
2022 172    0.56    -2.5   305.5
2022 173    0.57    -2.6   306.5
2022 174    0.59    -2.6   307.5
2022 175    0.60    -2.7   308.4
2022 176    0.61    -2.7   309.3
2022 177    0.63    -2.7   310.2
2022 178    0.64    -2.8   311.0
2022 179    0.65    -2.8   311.8
2022 180    0.66    -2.8   312.6
2022 181    0.67    -2.8   313.3
2022 182    0.68    -2.9   314.1
2022 183    0.69    -2.9   314.8
2022 184    0.70    -2.9   315.5
2022 185    0.70    -2.9   316.2
2022 186    0.71    -2.9   316.8
2022 187    0.72    -3.0   317.5
2022 188    0.72    -3.0   318.1
2022 189    0.73    -3.0   318.8
2022 190    0.73    -3.0   319.4
2022 191    0.74    -3.0   320.0
2022 192    0.74    -3.0   320.6
2022 193    0.75    -3.1   321.2
2022 194    0.75    -3.1   321.8
2022 195    0.75    -3.1   322.4
2022 196    0.75    -3.1   323.0
2022 197    0.76    -3.1   323.6
2022 198    0.76    -3.1   324.2
2022 199    0.76    -3.1   324.7
2022 200    0.76    -3.2   325.3
2022 201    0.76    -3.2   325.9
2022 202    0.76    -3.2   326.5
2022 203    0.76    -3.2   327.0
2022 204    0.76    -3.2   327.6
2022 205    0.76    -3.2   328.2
2022 206    0.76    -3.2   328.8
2022 207    0.75    -3.2   329.4
2022 208    0.75    -3.2   330.0
2022 209    0.75    -3.3   330.6
2022 210    0.74    -3.3   331.2
2022 211    0.74    -3.3   331.8
2022 212    0.73    -3.3   332.4
2022 213    0.73    -3.3   333.0
2022 214    0.72    -3.3   333.6
2022 215    0.72    -3.3   334.3
2022 216    0.71    -3.3   334.9
2022 217    0.70    -3.3   335.6
2022 218    0.70    -3.3   336.3
2022 219    0.69    -3.3   337.0
2022 220    0.68    -3.3   337.7
2022 221    0.67    -3.4   338.4
2022 222    0.66    -3.4   339.2
2022 223    0.65    -3.4   339.9
2022 224    0.64    -3.4   340.7
2022 225    0.63    -3.4   341.6
2022 226    0.62    -3.4   342.4
2022 227    0.60    -3.4   343.3
2022 228    0.59    -3.4   344.2
2022 229    0.58    -3.4   345.2
2022 230    0.56    -3.4   346.2
2022 231    0.55    -3.4   347.3
2022 232    0.53    -3.4   348.5
2022 233    0.51    -3.4   349.7
2022 234    0.50    -3.4   351.0
2022 235    0.48    -3.4   352.4
2022 236    0.46    -3.4   353.9
2022 237    0.44    -3.3   355.6
2022 238    0.42    -3.3   357.4
2022 239    0.39    -3.3   359.5
2022 240    0.37    -3.3     1.8
2022 241    0.34    -3.2     4.4
2022 242    0.31    -3.2     7.5
2022 243    0.28    -3.1    11.2
2022 244    0.25    -3.0    15.9
2022 245    0.22    -2.8    21.9
2022 246    0.18    -2.5    30.3
2022 247    0.14    -1.9    43.4
2022 248    0.10    -0.5    67.7
2022 249    0.06     2.5   124.3
2022 250    0.08     2.8   201.8
2022 251    0.12     1.1   238.5
2022 252    0.16     0.1   255.9
2022 253    0.20    -0.6   266.2
2022 254    0.24    -1.0   273.3
2022 255    0.27    -1.3   278.5
2022 256    0.30    -1.5   282.6
2022 257    0.33    -1.7   286.0
2022 258    0.35    -1.8   288.9
2022 259    0.38    -1.9   291.4
2022 260    0.40    -2.0   293.5
2022 261    0.43    -2.1   295.4
2022 262    0.45    -2.2   297.2
2022 263    0.47    -2.3   298.8
2022 264    0.49    -2.3   300.2
2022 265    0.51    -2.4   301.6
2022 266    0.52    -2.4   302.8
2022 267    0.54    -2.5   304.0
2022 268    0.56    -2.5   305.1
2022 269    0.57    -2.6   306.2
2022 270    0.58    -2.6   307.2
2022 271    0.60    -2.6   308.1
2022 272    0.61    -2.7   309.0
2022 273    0.62    -2.7   309.9
2022 274    0.64    -2.7   310.8
2022 275    0.65    -2.8   311.6
2022 276    0.66    -2.8   312.4
2022 277    0.67    -2.8   313.1
2022 278    0.68    -2.8   313.9
2022 279    0.68    -2.9   314.6
2022 280    0.69    -2.9   315.3
2022 281    0.70    -2.9   316.0
2022 282    0.71    -2.9   316.6
2022 283    0.71    -3.0   317.3
2022 284    0.72    -3.0   317.9
2022 285    0.73    -3.0   318.6
2022 286    0.73    -3.0   319.2
2022 287    0.74    -3.0   319.8
2022 288    0.74    -3.0   320.4
2022 289    0.75    -3.1   321.0
2022 290    0.75    -3.1   321.6
2022 291    0.75    -3.1   322.2
2022 292    0.75    -3.1   322.8
2022 293    0.76    -3.1   323.4
2022 294    0.76    -3.1   324.0
2022 295    0.76    -3.1   324.6
2022 296    0.76    -3.2   325.1
2022 297    0.76    -3.2   325.7
2022 298    0.76    -3.2   326.3
2022 299    0.76    -3.2   326.9
2022 300    0.76    -3.2   327.4
2022 301    0.76    -3.2   328.0
2022 302    0.76    -3.2   328.6
2022 303    0.75    -3.2   329.2
2022 304    0.75    -3.2   329.8
2022 305    0.75    -3.3   330.4
2022 306    0.74    -3.3   331.0
2022 307    0.74    -3.3   331.6
2022 308    0.74    -3.3   332.2
2022 309    0.73    -3.3   332.8
2022 310    0.73    -3.3   333.4
2022 311    0.72    -3.3   334.1
2022 312    0.71    -3.3   334.7
2022 313    0.71    -3.3   335.4
2022 314    0.70    -3.3   336.1
2022 315    0.69    -3.3   336.8
2022 316    0.68    -3.3   337.5
2022 317    0.67    -3.4   338.2
2022 318    0.66    -3.4   338.9
2022 319    0.65    -3.4   339.7
2022 320    0.64    -3.4   340.5
2022 321    0.63    -3.4   341.3
2022 322    0.62    -3.4   342.2
2022 323    0.61    -3.4   343.0
2022 324    0.60    -3.4   344.0
2022 325    0.58    -3.4   344.9
2022 326    0.57    -3.4   345.9
2022 327    0.55    -3.4   347.0
2022 328    0.54    -3.4   348.1
2022 329    0.52    -3.4   349.3
2022 330    0.50    -3.4   350.6
2022 331    0.48    -3.4   352.0
2022 332    0.46    -3.4   353.4
2022 333    0.44    -3.4   355.1
2022 334    0.42    -3.3   356.8
2022 335    0.40    -3.3   358.8
2022 336    0.38    -3.3     1.0
2022 337    0.35    -3.2     3.6
2022 338    0.32    -3.2     6.5
2022 339    0.29    -3.1    10.0
2022 340    0.26    -3.0    14.4
2022 341    0.23    -2.8    19.9
2022 342    0.19    -2.6    27.4
2022 343    0.15    -2.1    38.7
2022 344    0.11    -1.1    58.4
2022 345    0.07     1.4   102.0
2022 346    0.07     3.3   182.6
2022 347    0.11     1.5   230.6
2022 348    0.15     0.3   251.7
2022 349    0.19    -0.4   263.6
2022 350    0.23    -0.9   271.4
2022 351    0.26    -1.2   277.1
2022 352    0.29    -1.4   281.5
2022 353    0.32    -1.6   285.1
2022 354    0.35    -1.8   288.1
2022 355    0.37    -1.9   290.6
2022 356    0.40    -2.0   292.9
2022 357    0.42    -2.1   294.9
2022 358    0.44    -2.2   296.7
2022 359    0.46    -2.2   298.3
2022 360    0.48    -2.3   299.8
2022 361    0.50    -2.4   301.2
2022 362    0.52    -2.4   302.5
2022 363    0.53    -2.5   303.7
2022 364    0.55    -2.5   304.8
2022 365    0.57    -2.6   305.9
2023   1    0.58    -2.6   306.9
2023   2    0.59    -2.6   307.9
2023   3    0.61    -2.7   308.8
2023   4    0.62    -2.7   309.7
2023   5    0.63    -2.7   310.5
2023   6    0.64    -2.8   311.3
2023   7    0.65    -2.8   312.1
2023   8    0.66    -2.8   312.9
2023   9    0.67    -2.8   313.7
2023  10    0.68    -2.9   314.4
2023  11    0.69    -2.9   315.1
2023  12    0.70    -2.9   315.8
2023  13    0.71    -2.9   316.5
2023  14    0.71    -2.9   317.1
2023  15    0.72    -3.0   317.8
2023  16    0.72    -3.0   318.4
2023  17    0.73    -3.0   319.0
2023  18    0.74    -3.0   319.7
2023  19    0.74    -3.0   320.3
2023  20    0.74    -3.0   320.9
2023  21    0.75    -3.1   321.5
2023  22    0.75    -3.1   322.1
2023  23    0.75    -3.1   322.7
2023  24    0.76    -3.1   323.2
2023  25    0.76    -3.1   323.8
2023  26    0.76    -3.1   324.4
2023  27    0.76    -3.1   325.0
2023  28    0.76    -3.2   325.6
2023  29    0.76    -3.2   326.1
2023  30    0.76    -3.2   326.7
2023  31    0.76    -3.2   327.3
2023  32    0.76    -3.2   327.9
2023  33    0.76    -3.2   328.5
2023  34    0.75    -3.2   329.0
2023  35    0.75    -3.2   329.6
2023  36    0.75    -3.2   330.2
2023  37    0.75    -3.3   330.8
2023  38    0.74    -3.3   331.4
2023  39    0.74    -3.3   332.0
2023  40    0.73    -3.3   332.6
2023  41    0.73    -3.3   333.3
2023  42    0.72    -3.3   333.9
2023  43    0.72    -3.3   334.6
2023  44    0.71    -3.3   335.2
2023  45    0.70    -3.3   335.9
2023  46    0.69    -3.3   336.6
2023  47    0.69    -3.3   337.3
2023  48    0.68    -3.3   338.0
2023  49    0.67    -3.4   338.7
2023  50    0.66    -3.4   339.5
2023  51    0.65    -3.4   340.3
2023  52    0.64    -3.4   341.1
2023  53    0.62    -3.4   341.9
2023  54    0.61    -3.4   342.8
2023  55    0.60    -3.4   343.7
2023  56    0.59    -3.4   344.6
2023  57    0.57    -3.4   345.6
2023  58    0.56    -3.4   346.7
2023  59    0.54    -3.4   347.8
2023  60    0.53    -3.4   349.0
2023  61    0.51    -3.4   350.2
2023  62    0.49    -3.4   351.6
2023  63    0.47    -3.4   353.0
2023  64    0.45    -3.4   354.6
2023  65    0.43    -3.3   356.3
2023  66    0.41    -3.3   358.2
2023  67    0.38    -3.3     0.4
2023  68    0.36    -3.3     2.8
2023  69    0.33    -3.2     5.6
2023  70    0.30    -3.1     8.9
2023  71    0.27    -3.0    13.0
2023  72    0.24    -2.9    18.1
2023  73    0.20    -2.7    24.9
2023  74    0.17    -2.3    34.7
2023  75    0.12    -1.5    51.0
2023  76    0.08     0.5    84.5
2023  77    0.06     3.4   158.5
2023  78    0.09     2.0   220.3
2023  79    0.14     0.6   246.7
2023  80    0.18    -0.2   260.6
2023  81    0.21    -0.7   269.3
2023  82    0.25    -1.1   275.5
2023  83    0.28    -1.4   280.3
2023  84    0.31    -1.6   284.1
2023  85    0.34    -1.7   287.2
2023  86    0.37    -1.9   289.9
2023  87    0.39    -2.0   292.3
2023  88    0.41    -2.1   294.3
2023  89    0.44    -2.2   296.2
2023  90    0.46    -2.2   297.8
2023  91    0.48    -2.3   299.4
2023  92    0.49    -2.4   300.8
2023  93    0.51    -2.4   302.1
2023  94    0.53    -2.5   303.3
2023  95    0.55    -2.5   304.5
2023  96    0.56    -2.6   305.6
2023  97    0.58    -2.6   306.6
2023  98    0.59    -2.6   307.6
2023  99    0.60    -2.7   308.5
2023 100    0.62    -2.7   309.4
2023 101    0.63    -2.7   310.3
2023 102    0.64    -2.8   311.1
2023 103    0.65    -2.8   311.9
2023 104    0.66    -2.8   312.7
2023 105    0.67    -2.8   313.4
2023 106    0.68    -2.9   314.2
2023 107    0.69    -2.9   314.9
2023 108    0.70    -2.9   315.6
2023 109    0.70    -2.9   316.2
2023 110    0.71    -2.9   316.9
2023 111    0.72    -3.0   317.6
2023 112    0.72    -3.0   318.2
2023 113    0.73    -3.0   318.8
2023 114    0.73    -3.0   319.5
2023 115    0.74    -3.0   320.1
2023 116    0.74    -3.0   320.7
2023 117    0.75    -3.1   321.3
2023 118    0.75    -3.1   321.9
2023 119    0.75    -3.1   322.5
2023 120    0.75    -3.1   323.1
2023 121    0.76    -3.1   323.6
2023 122    0.76    -3.1   324.2
2023 123    0.76    -3.1   324.8
2023 124    0.76    -3.2   325.4
2023 125    0.76    -3.2   326.0
2023 126    0.76    -3.2   326.5
2023 127    0.76    -3.2   327.1
2023 128    0.76    -3.2   327.7
2023 129    0.76    -3.2   328.3
2023 130    0.76    -3.2   328.9
2023 131    0.75    -3.2   329.4
2023 132    0.75    -3.2   330.0
2023 133    0.75    -3.3   330.6
2023 134    0.74    -3.3   331.2
2023 135    0.74    -3.3   331.8
2023 136    0.73    -3.3   332.5
2023 137    0.73    -3.3   333.1
2023 138    0.72    -3.3   333.7
2023 139    0.72    -3.3   334.4
2023 140    0.71    -3.3   335.0
2023 141    0.70    -3.3   335.7
2023 142    0.70    -3.3   336.4
2023 143    0.69    -3.3   337.1
2023 144    0.68    -3.3   337.8
2023 145    0.67    -3.4   338.5
2023 146    0.66    -3.4   339.3
2023 147    0.65    -3.4   340.0
2023 148    0.64    -3.4   340.8
2023 149    0.63    -3.4   341.7
2023 150    0.62    -3.4   342.5
2023 151    0.60    -3.4   343.4
2023 152    0.59    -3.4   344.4
2023 153    0.58    -3.4   345.3
2023 154    0.56    -3.4   346.4
2023 155    0.55    -3.4   347.4
2023 156    0.53    -3.4   348.6
2023 157    0.51    -3.4   349.8
2023 158    0.50    -3.4   351.1
2023 159    0.48    -3.4   352.6
2023 160    0.46    -3.4   354.1
2023 161    0.44    -3.3   355.8
2023 162    0.41    -3.3   357.6
2023 163    0.39    -3.3   359.7
2023 164    0.37    -3.3     2.0
2023 165    0.34    -3.2     4.7
2023 166    0.31    -3.2     7.9
2023 167    0.28    -3.1    11.6
2023 168    0.25    -2.9    16.4
2023 169    0.21    -2.7    22.6
2023 170    0.18    -2.4    31.3
2023 171    0.14    -1.8    45.1
2023 172    0.09    -0.3    71.2
2023 173    0.06     2.8   132.3
2023 174    0.08     2.6   206.9
2023 175    0.12     0.9   240.7
2023 176    0.16    -0.0   257.1
2023 177    0.20    -0.6   267.0
2023 178    0.24    -1.0   273.8
2023 179    0.27    -1.3   279.0
2023 180    0.30    -1.5   283.0
2023 181    0.33    -1.7   286.3
2023 182    0.36    -1.8   289.1
2023 183    0.38    -1.9   291.6
2023 184    0.41    -2.0   293.7
2023 185    0.43    -2.1   295.6
2023 186    0.45    -2.2   297.4
2023 187    0.47    -2.3   298.9
2023 188    0.49    -2.3   300.4
2023 189    0.51    -2.4   301.7
2023 190    0.52    -2.4   303.0
2023 191    0.54    -2.5   304.1
2023 192    0.56    -2.5   305.2
2023 193    0.57    -2.6   306.3
2023 194    0.59    -2.6   307.3
2023 195    0.60    -2.7   308.2
2023 196    0.61    -2.7   309.1
2023 197    0.62    -2.7   310.0
2023 198    0.64    -2.7   310.8
2023 199    0.65    -2.8   311.7
2023 200    0.66    -2.8   312.4
2023 201    0.67    -2.8   313.2
2023 202    0.68    -2.8   313.9
2023 203    0.69    -2.9   314.7
2023 204    0.69    -2.9   315.4
2023 205    0.70    -2.9   316.0
2023 206    0.71    -2.9   316.7
2023 207    0.72    -3.0   317.4
2023 208    0.72    -3.0   318.0
2023 209    0.73    -3.0   318.7
2023 210    0.73    -3.0   319.3
2023 211    0.74    -3.0   319.9
2023 212    0.74    -3.0   320.5
2023 213    0.75    -3.1   321.1
2023 214    0.75    -3.1   321.7
2023 215    0.75    -3.1   322.3
2023 216    0.75    -3.1   322.9
2023 217    0.76    -3.1   323.5
2023 218    0.76    -3.1   324.1
2023 219    0.76    -3.1   324.6
2023 220    0.76    -3.2   325.2
2023 221    0.76    -3.2   325.8
2023 222    0.76    -3.2   326.4
2023 223    0.76    -3.2   326.9
2023 224    0.76    -3.2   327.5
2023 225    0.76    -3.2   328.1
2023 226    0.76    -3.2   328.7
2023 227    0.75    -3.2   329.3
2023 228    0.75    -3.2   329.9
2023 229    0.75    -3.3   330.5
2023 230    0.74    -3.3   331.1
2023 231    0.74    -3.3   331.7
2023 232    0.74    -3.3   332.3
2023 233    0.73    -3.3   332.9
2023 234    0.73    -3.3   333.5
2023 235    0.72    -3.3   334.1
2023 236    0.72    -3.3   334.7
2023 237    0.71    -3.3   335.3
2023 238    0.70    -3.3   335.9
2023 239    0.70    -3.3   336.6
2023 240    0.69    -3.3   337.2
2023 241    0.68    -3.4   337.9
2023 242    0.68    -3.4   338.5
2023 243    0.67    -3.4   339.2
2023 244    0.66    -3.4   339.9
2023 245    0.65    -3.4   340.7
2023 246    0.64    -3.4   341.4
2023 247    0.63    -3.4   342.2
2023 248    0.61    -3.4   343.0
2023 249    0.60    -3.4   343.8
2023 250    0.59    -3.4   344.7
2023 251    0.58    -3.4   345.6
2023 252    0.56    -3.4   346.6
2023 253    0.55    -3.4   347.6
2023 254    0.53    -3.4   348.7
2023 255    0.51    -3.4   349.8
2023 256    0.50    -3.4   351.0
2023 257    0.48    -3.4   352.3
2023 258    0.46    -3.4   353.8
2023 259    0.44    -3.4   355.3
2023 260    0.41    -3.3   357.0
2023 261    0.39    -3.3   359.0
2023 262    0.37    -3.3     1.1
2023 263    0.34    -3.3     3.6
2023 264    0.31    -3.2     6.6
2023 265    0.28    -3.1    10.1
2023 266    0.25    -3.0    14.6
2023 267    0.21    -2.8    20.4
2023 268    0.17    -2.5    28.8
2023 269    0.13    -1.9    42.5
2023 270    0.08    -0.4    71.1
2023 271    0.05     3.3   150.7
2023 272    0.09     1.7   227.5
2023 273    0.13     0.1   255.0
2023 274    0.18    -0.7   268.3
2023 275    0.21    -1.1   276.6
2023 276    0.25    -1.5   282.4
2023 277    0.28    -1.7   286.8
2023 278    0.31    -1.9   290.3
2023 279    0.34    -2.0   293.2
2023 280    0.37    -2.1   295.6
2023 281    0.39    -2.2   297.8
2023 282    0.42    -2.3   299.7
2023 283    0.44    -2.4   301.4
2023 284    0.46    -2.4   303.0
2023 285    0.48    -2.5   304.4
2023 286    0.50    -2.5   305.7
2023 287    0.51    -2.6   306.9
2023 288    0.53    -2.6   308.1
2023 289    0.55    -2.7   309.1
2023 290    0.56    -2.7   310.1
2023 291    0.58    -2.7   311.1
2023 292    0.59    -2.8   312.0
2023 293    0.60    -2.8   312.9
2023 294    0.62    -2.8   313.7
2023 295    0.63    -2.9   314.5
2023 296    0.64    -2.9   315.3
2023 297    0.65    -2.9   316.0
2023 298    0.66    -2.9   316.8
2023 299    0.67    -3.0   317.5
2023 300    0.68    -3.0   318.2
2023 301    0.68    -3.0   318.8
2023 302    0.69    -3.0   319.5
2023 303    0.70    -3.0   320.1
2023 304    0.70    -3.0   320.8
2023 305    0.71    -3.1   321.4
2023 306    0.72    -3.1   322.0
2023 307    0.72    -3.1   322.6
2023 308    0.73    -3.1   323.2
2023 309    0.73    -3.1   323.8
2023 310    0.73    -3.1   324.4
2023 311    0.74    -3.1   324.9
2023 312    0.74    -3.2   325.5
2023 313    0.74    -3.2   326.1
2023 314    0.74    -3.2   326.6
2023 315    0.74    -3.2   327.2
2023 316    0.74    -3.2   327.8
2023 317    0.74    -3.2   328.3
2023 318    0.74    -3.2   328.9
2023 319    0.74    -3.2   329.4
2023 320    0.74    -3.2   330.0
2023 321    0.74    -3.3   330.6
2023 322    0.74    -3.3   331.1
2023 323    0.74    -3.3   331.7
2023 324    0.73    -3.3   332.3
2023 325    0.73    -3.3   332.9
2023 326    0.73    -3.3   333.5
2023 327    0.72    -3.3   334.1
2023 328    0.72    -3.3   334.7
2023 329    0.71    -3.3   335.3
2023 330    0.71    -3.3   335.9
2023 331    0.70    -3.3   336.5
2023 332    0.69    -3.3   337.2
2023 333    0.68    -3.4   337.8
2023 334    0.68    -3.4   338.5
2023 335    0.67    -3.4   339.2
2023 336    0.66    -3.4   339.9
2023 337    0.65    -3.4   340.6
2023 338    0.64    -3.4   341.4
2023 339    0.63    -3.4   342.1
2023 340    0.62    -3.4   342.9
2023 341    0.60    -3.4   343.8
2023 342    0.59    -3.4   344.7
2023 343    0.58    -3.4   345.6
2023 344    0.56    -3.4   346.5
2023 345    0.55    -3.4   347.5
2023 346    0.53    -3.4   348.6
2023 347    0.51    -3.4   349.7
2023 348    0.50    -3.4   351.0
2023 349    0.48    -3.4   352.3
2023 350    0.46    -3.4   353.7
2023 351    0.44    -3.4   355.2
2023 352    0.42    -3.3   356.9
2023 353    0.39    -3.3   358.8
2023 354    0.37    -3.3     1.0
2023 355    0.34    -3.3     3.5
2023 356    0.31    -3.2     6.4
2023 357    0.28    -3.1     9.9
2023 358    0.25    -3.0    14.3
2023 359    0.21    -2.8    20.0
2023 360    0.18    -2.6    28.2
2023 361    0.13    -2.0    41.4
2023 362    0.09    -0.5    68.5
2023 363    0.05     3.1   144.0
2023 364    0.08     1.8   224.9
2023 365    0.13     0.2   253.9
2024   1    0.17    -0.6   267.7
2024   2    0.21    -1.1   276.2
2024   3    0.25    -1.4   282.1
2024   4    0.28    -1.7   286.5
2024   5    0.31    -1.8   290.1
2024   6    0.34    -2.0   293.0
2024   7    0.37    -2.1   295.5
2024   8    0.39    -2.2   297.7
2024   9    0.41    -2.3   299.6
2024  10    0.44    -2.4   301.3
2024  11    0.46    -2.4   302.9
2024  12    0.48    -2.5   304.3
2024  13    0.50    -2.5   305.6
2024  14    0.51    -2.6   306.9
2024  15    0.53    -2.6   308.0
2024  16    0.55    -2.7   309.1
2024  17    0.56    -2.7   310.1
2024  18    0.58    -2.7   311.0
2024  19    0.59    -2.8   312.0
2024  20    0.60    -2.8   312.8
2024  21    0.61    -2.8   313.7
2024  22    0.63    -2.9   314.5
2024  23    0.64    -2.9   315.3
2024  24    0.65    -2.9   316.0
2024  25    0.66    -2.9   316.7
2024  26    0.67    -3.0   317.5
2024  27    0.68    -3.0   318.1
2024  28    0.68    -3.0   318.8
2024  29    0.69    -3.0   319.5
2024  30    0.70    -3.0   320.1
2024  31    0.70    -3.0   320.7
2024  32    0.71    -3.1   321.4
2024  33    0.72    -3.1   322.0
2024  34    0.72    -3.1   322.6
2024  35    0.73    -3.1   323.2
2024  36    0.73    -3.1   323.8
2024  37    0.73    -3.1   324.3
2024  38    0.74    -3.1   324.9
2024  39    0.74    -3.2   325.5
2024  40    0.74    -3.2   326.1
2024  41    0.74    -3.2   326.6
2024  42    0.74    -3.2   327.2
2024  43    0.74    -3.2   327.7
2024  44    0.74    -3.2   328.3
2024  45    0.74    -3.2   328.9
2024  46    0.74    -3.2   329.4
2024  47    0.74    -3.2   330.0
2024  48    0.74    -3.3   330.6
2024  49    0.74    -3.3   331.1
2024  50    0.74    -3.3   331.7
2024  51    0.73    -3.3   332.3
2024  52    0.73    -3.3   332.8
2024  53    0.73    -3.3   333.4
2024  54    0.72    -3.3   334.0
2024  55    0.72    -3.3   334.6
2024  56    0.71    -3.3   335.2
2024  57    0.71    -3.3   335.9
2024  58    0.70    -3.3   336.5
2024  59    0.69    -3.3   337.1
2024  60    0.68    -3.4   337.8
2024  61    0.68    -3.4   338.5
2024  62    0.67    -3.4   339.1
2024  63    0.66    -3.4   339.9
2024  64    0.65    -3.4   340.6
2024  65    0.64    -3.4   341.3
2024  66    0.63    -3.4   342.1
2024  67    0.62    -3.4   342.9
2024  68    0.60    -3.4   343.7
2024  69    0.59    -3.4   344.6
2024  70    0.58    -3.4   345.5
2024  71    0.56    -3.4   346.5
2024  72    0.55    -3.4   347.5
2024  73    0.53    -3.4   348.6
2024  74    0.52    -3.4   349.7
2024  75    0.50    -3.4   350.9
2024  76    0.48    -3.4   352.2
2024  77    0.46    -3.4   353.6
2024  78    0.44    -3.4   355.1
2024  79    0.42    -3.3   356.8
2024  80    0.39    -3.3   358.7
2024  81    0.37    -3.3     0.9
2024  82    0.34    -3.3     3.3
2024  83    0.31    -3.2     6.2
2024  84    0.28    -3.1     9.7
2024  85    0.25    -3.0    14.0
2024  86    0.22    -2.9    19.6
2024  87    0.18    -2.6    27.6
2024  88    0.14    -2.0    40.4
2024  89    0.09    -0.7    66.0
2024  90    0.05     3.0   137.5
2024  91    0.08     1.9   222.1
2024  92    0.13     0.3   252.8
2024  93    0.17    -0.6   267.1
2024  94    0.21    -1.1   275.8
2024  95    0.25    -1.4   281.8
2024  96    0.28    -1.7   286.3
2024  97    0.31    -1.8   289.9
2024  98    0.34    -2.0   292.9
2024  99    0.36    -2.1   295.4
2024 100    0.39    -2.2   297.6
2024 101    0.41    -2.3   299.5
2024 102    0.43    -2.4   301.2
2024 103    0.46    -2.4   302.8
2024 104    0.48    -2.5   304.2
2024 105    0.49    -2.5   305.6
2024 106    0.51    -2.6   306.8
2024 107    0.53    -2.6   307.9
2024 108    0.55    -2.7   309.0
2024 109    0.56    -2.7   310.0
2024 110    0.57    -2.7   311.0
2024 111    0.59    -2.8   311.9
2024 112    0.60    -2.8   312.8
2024 113    0.61    -2.8   313.6
2024 114    0.63    -2.9   314.4
2024 115    0.64    -2.9   315.2
2024 116    0.65    -2.9   316.0
2024 117    0.66    -2.9   316.7
2024 118    0.67    -3.0   317.4
2024 119    0.67    -3.0   318.1
2024 120    0.68    -3.0   318.8
2024 121    0.69    -3.0   319.4
2024 122    0.70    -3.0   320.1
2024 123    0.70    -3.0   320.7
2024 124    0.71    -3.1   321.3
2024 125    0.72    -3.1   321.9
2024 126    0.72    -3.1   322.5
2024 127    0.73    -3.1   323.1
2024 128    0.73    -3.1   323.7
2024 129    0.73    -3.1   324.3
2024 130    0.74    -3.1   324.9
2024 131    0.74    -3.2   325.5
2024 132    0.74    -3.2   326.0
2024 133    0.74    -3.2   326.6
2024 134    0.74    -3.2   327.2
2024 135    0.74    -3.2   327.7
2024 136    0.74    -3.2   328.3
2024 137    0.74    -3.2   328.8
2024 138    0.74    -3.2   329.4
2024 139    0.74    -3.2   330.0
2024 140    0.74    -3.3   330.5
2024 141    0.74    -3.3   331.1
2024 142    0.74    -3.3   331.7
2024 143    0.73    -3.3   332.2
2024 144    0.73    -3.3   332.8
2024 145    0.73    -3.3   333.4
2024 146    0.72    -3.3   334.0
2024 147    0.72    -3.3   334.6
2024 148    0.71    -3.3   335.2
2024 149    0.71    -3.3   335.8
2024 150    0.70    -3.3   336.5
2024 151    0.69    -3.3   337.1
2024 152    0.69    -3.3   337.7
2024 153    0.68    -3.4   338.4
2024 154    0.67    -3.4   339.1
2024 155    0.66    -3.4   339.8
2024 156    0.65    -3.4   340.5
2024 157    0.64    -3.4   341.3
2024 158    0.63    -3.4   342.1
2024 159    0.62    -3.4   342.9
2024 160    0.60    -3.4   343.7
2024 161    0.59    -3.4   344.6
2024 162    0.58    -3.4   345.5
2024 163    0.56    -3.4   346.4
2024 164    0.55    -3.4   347.4
2024 165    0.53    -3.4   348.5
2024 166    0.52    -3.4   349.6
2024 167    0.50    -3.4   350.8
2024 168    0.48    -3.4   352.1
2024 169    0.46    -3.4   353.5
2024 170    0.44    -3.4   355.1
2024 171    0.42    -3.3   356.7
2024 172    0.40    -3.3   358.6
2024 173    0.37    -3.3     0.7
2024 174    0.34    -3.3     3.2
2024 175    0.32    -3.2     6.0
2024 176    0.29    -3.1     9.4
2024 177    0.25    -3.0    13.7
2024 178    0.22    -2.9    19.2
2024 179    0.18    -2.6    27.1
2024 180    0.14    -2.1    39.4
2024 181    0.09    -0.8    63.8
2024 182    0.05     2.7   131.1
2024 183    0.08     2.1   219.0
2024 184    0.12     0.3   251.6
2024 185    0.17    -0.6   266.4
2024 186    0.21    -1.1   275.3
2024 187    0.24    -1.4   281.5
2024 188    0.28    -1.6   286.0
2024 189    0.31    -1.8   289.7
2024 190    0.34    -2.0   292.7
2024 191    0.36    -2.1   295.2
2024 192    0.39    -2.2   297.5
2024 193    0.41    -2.3   299.4
2024 194    0.43    -2.4   301.1
2024 195    0.45    -2.4   302.7
2024 196    0.47    -2.5   304.2
2024 197    0.49    -2.5   305.5
2024 198    0.51    -2.6   306.7
2024 199    0.53    -2.6   307.9
2024 200    0.54    -2.7   308.9
2024 201    0.56    -2.7   310.0
2024 202    0.57    -2.7   310.9
2024 203    0.59    -2.8   311.9
2024 204    0.60    -2.8   312.7
2024 205    0.61    -2.8   313.6
2024 206    0.62    -2.9   314.4
2024 207    0.64    -2.9   315.2
2024 208    0.65    -2.9   315.9
2024 209    0.66    -2.9   316.7
2024 210    0.67    -2.9   317.4
2024 211    0.67    -3.0   318.1
2024 212    0.68    -3.0   318.7
2024 213    0.69    -3.0   319.4
2024 214    0.70    -3.0   320.0
2024 215    0.70    -3.0   320.7
2024 216    0.71    -3.1   321.3
2024 217    0.72    -3.1   321.9
2024 218    0.72    -3.1   322.5
2024 219    0.73    -3.1   323.1
2024 220    0.73    -3.1   323.7
2024 221    0.73    -3.1   324.3
2024 222    0.74    -3.1   324.8
2024 223    0.74    -3.2   325.4
2024 224    0.74    -3.2   326.0
2024 225    0.74    -3.2   326.6
2024 226    0.74    -3.2   327.1
2024 227    0.74    -3.2   327.7
2024 228    0.74    -3.2   328.2
2024 229    0.74    -3.2   328.8
2024 230    0.74    -3.2   329.4
2024 231    0.74    -3.2   329.9
2024 232    0.74    -3.3   330.5
2024 233    0.74    -3.3   331.1
2024 234    0.74    -3.3   331.6
2024 235    0.73    -3.3   332.2
2024 236    0.73    -3.3   332.8
2024 237    0.73    -3.3   333.4
2024 238    0.72    -3.3   334.0
2024 239    0.72    -3.3   334.6
2024 240    0.71    -3.3   335.2
2024 241    0.71    -3.3   335.8
2024 242    0.70    -3.3   336.4
2024 243    0.69    -3.3   337.1
2024 244    0.69    -3.3   337.7
2024 245    0.68    -3.4   338.4
2024 246    0.67    -3.4   339.1
2024 247    0.66    -3.4   339.8
2024 248    0.65    -3.4   340.5
2024 249    0.64    -3.4   341.2
2024 250    0.63    -3.4   342.0
2024 251    0.62    -3.4   342.8
2024 252    0.61    -3.4   343.6
2024 253    0.59    -3.4   344.5
2024 254    0.58    -3.4   345.4
2024 255    0.57    -3.4   346.4
2024 256    0.55    -3.4   347.4
2024 257    0.53    -3.4   348.4
2024 258    0.52    -3.4   349.5
2024 259    0.50    -3.4   350.7
2024 260    0.48    -3.4   352.0
2024 261    0.46    -3.4   353.4
2024 262    0.44    -3.4   355.0
2024 263    0.42    -3.3   356.6
2024 264    0.40    -3.3   358.5
2024 265    0.37    -3.3     0.6
2024 266    0.35    -3.3     3.0
2024 267    0.32    -3.2     5.8
2024 268    0.29    -3.1     9.2
2024 269    0.26    -3.0    13.4
2024 270    0.22    -2.9    18.9
2024 271    0.18    -2.6    26.5
2024 272    0.14    -2.1    38.4
2024 273    0.09    -0.9    61.6
2024 274    0.06     2.5   124.8
2024 275    0.07     2.2   215.7
2024 276    0.12     0.4   250.3
2024 277    0.17    -0.5   265.8
2024 278    0.21    -1.0   274.9
2024 279    0.24    -1.4   281.1
2024 280    0.27    -1.6   285.8
2024 281    0.31    -1.8   289.5
2024 282    0.33    -2.0   292.5
2024 283    0.36    -2.1   295.1
2024 284    0.39    -2.2   297.3
2024 285    0.41    -2.3   299.3
2024 286    0.43    -2.4   301.0
2024 287    0.45    -2.4   302.6
2024 288    0.47    -2.5   304.1
2024 289    0.49    -2.5   305.4
2024 290    0.51    -2.6   306.6
2024 291    0.53    -2.6   307.8
2024 292    0.54    -2.7   308.9
2024 293    0.56    -2.7   309.9
2024 294    0.57    -2.7   310.9
2024 295    0.59    -2.8   311.8
2024 296    0.60    -2.8   312.7
2024 297    0.61    -2.8   313.5
2024 298    0.62    -2.9   314.3
2024 299    0.64    -2.9   315.1
2024 300    0.65    -2.9   315.9
2024 301    0.66    -2.9   316.6
2024 302    0.67    -2.9   317.3
2024 303    0.67    -3.0   318.0
2024 304    0.68    -3.0   318.7
2024 305    0.69    -3.0   319.4
2024 306    0.70    -3.0   320.0
2024 307    0.70    -3.0   320.6
2024 308    0.71    -3.1   321.3
2024 309    0.72    -3.1   321.9
2024 310    0.72    -3.1   322.5
2024 311    0.72    -3.1   323.1
2024 312    0.73    -3.1   323.6
2024 313    0.73    -3.1   324.2
2024 314    0.73    -3.1   324.7
2024 315    0.73    -3.2   325.3
2024 316    0.73    -3.2   325.8
2024 317    0.73    -3.2   326.4
2024 318    0.73    -3.2   326.9
2024 319    0.73    -3.2   327.4
2024 320    0.73    -3.2   328.0
2024 321    0.72    -3.2   328.6
2024 322    0.72    -3.2   329.1
2024 323    0.72    -3.2   329.7
2024 324    0.71    -3.2   330.2
2024 325    0.71    -3.3   330.8
2024 326    0.70    -3.3   331.4
2024 327    0.70    -3.3   332.0
2024 328    0.69    -3.3   332.6
2024 329    0.68    -3.3   333.2
2024 330    0.68    -3.3   333.8
2024 331    0.67    -3.3   334.5
2024 332    0.66    -3.3   335.1
2024 333    0.65    -3.3   335.8
2024 334    0.64    -3.3   336.5
2024 335    0.63    -3.3   337.2
2024 336    0.62    -3.4   337.9
2024 337    0.61    -3.4   338.7
2024 338    0.60    -3.4   339.5
2024 339    0.58    -3.4   340.3
2024 340    0.57    -3.4   341.2
2024 341    0.56    -3.4   342.1
2024 342    0.54    -3.4   343.1
2024 343    0.52    -3.4   344.1
2024 344    0.51    -3.4   345.2
2024 345    0.49    -3.4   346.4
2024 346    0.47    -3.4   347.6
2024 347    0.45    -3.4   349.0
2024 348    0.43    -3.4   350.5
2024 349    0.41    -3.4   352.1
2024 350    0.38    -3.4   354.0
2024 351    0.36    -3.4   356.1
2024 352    0.33    -3.3   358.5
2024 353    0.30    -3.3     1.4
2024 354    0.27    -3.2     5.0
2024 355    0.24    -3.1     9.5
2024 356    0.20    -3.0    15.7
2024 357    0.16    -2.7    25.1
2024 358    0.11    -2.0    42.0
2024 359    0.06     0.7    88.2
2024 360    0.06     2.7   203.9
2024 361    0.11     0.5   249.2
2024 362    0.16    -0.5   266.0
2024 363    0.20    -1.1   275.3
2024 364    0.24    -1.4   281.4
2024 365    0.27    -1.6   285.9
2024 366    0.30    -1.8   289.5